22858
28797
45979
34341
19067
61788
31784
42717
14904
32826
83701
40138
57418
4276
7833
75355
42476
21832
59192
49501
31110
19860
16369
36422
51700
54957
41428
73528
49733
60889
45585
70354
92575
90633
85867
36441
2752
98519
13804
28510
59008
45368
15442
51181
67058
93565
30695
2673
43177
92300
20462
78663
65303
23734
21273
43421
15473
7029
79032
47558
74926
40932
19852
42846
14382
67035
91385
64405
42071
41349
17145
21337
71675
76543
80398
97956
66998
65424
94671
85791
22131
25856
18820
94450
32621
7862
56749
62569
47571
47665
65628
42980
30469
95651
3843
8795
11675
31685
28712
20972
99141
23579
6901
82691
48045
24934
42155
29508
58361
48479
86583
51672
6348
1014
18397
99090
38284
93160
19825
10045
57726
35158
97284
30852
89133
40
18523
35549
2826
71421
7580
61555
96526
43693
43170
74062
45242
94174
22704
19105
32543
89824
65025
60464
23802
53029
73597
68988
99511
23391
86568
77965
47190
47480
12085
88571
97099
85256
34296
18040
1087
34647
11897
71581
29844
58512
36101
78832
65446
23997
28286
94383
10413
96261
67826
21371
16735
33439
33577
45668
36691
66129
77048
77709
46527
36361
50962
90428
22338
81975
85982
30209
56638
40934
93412
79135
9438
89366
23521
97148
65622
48407
19035
80065
33447
22467
71886
77038
35329
92280
75012
47390
995
25328
44611
12689
54750
72512
40768
30716
20183
63338
47569
19626
37324
84190
13632
77421
21966
45396
56380
88325
61516
48607
49738
29676
77552
78702
69240
14619
39075
81380
74162
97981
9195
14258
29422
87790
19733
65294
95489
39439
12622
63891
41268
12297
69771
25940
30546
86299
24840
12701
23128
40962
72781
22377
58159
51587
29517
54618
28214
27128
13096
65848
43703
45525
60209
5449
19964
46359
72809
22601
72411
79624
17482
16358
73645
7825
84608
38779
4668
70812
56817
89543
49210
6916
60478
93481
86126
56763
38977
13563
36202
19704
94070
40296
41560
59900
46262
63018
44211
29407
35455
39908
15601
41020
22159
29817
18622
39477
22063
52520
80708
31492
14125
23877
902
8288
27713
37525
82764
20968
98417
82853
13081
82511
41904
18662
77208
56644
78497
95401
70645
27772
63801
23860
85160
62559
9122
87583
13099
88140
41660
34158
86669
2601
81119
13290
66144
64875
23355
2558
44268
15838
16928
75
71654
90321
88314
45129
24571
1570
39891
61530
88007
21890
85372
32460
92035
49316
75015
35564
1338
26567
26892
37825
94108
40381
20811
72684
88779
7191
45361
73178
97459
3472
38355
55363
32375
36019
16695
96866
81446
54281
18035
62833
78541
51011
685
64257
51302
56608
87073
72083
88173
88603
24801
23158
30419
50069
72758
15293
28844
8090
14469
444
21763
3667
67661
40639
83214
59975
82413
89639
84572
10670
50755
21378
86314
66260
31790
64134
73717
15751
63957
81002
93833
32221
17024
74464
99448
70212
78116
85107
94503
23847
29277
91641
16866
71834
61811
91061
64880
93219
48031
44428
56769
18917
67943
27489
11747
33258
35685
30927
26676
8716
77542
64419
82994
25632
72910
39252
72367
81279
42872
736
65440
29938
8027
94788
88660
49562
92393
37207
97409
63770
79089
69476
91481
76225
28004
91746
19453
344
28180
86929
68040
20932
64665
35027
46380
83832
85037
85797
35930
67802
13783
3513
38842
35472
46373
66897
33691
93159
41938
49466
32100
85952
51047
23491
36681
66359
85086
64568
81777
9121
20287
61940
8386
72401
77230
22010
87961
5059
10887
61951
41288
8836
31506
34139
10547
61853
47669
23677
9428
53746
56690
81311
27337
84069
94269
48884
12507
50936
92889
5726
59372
63471
3758
54877
91932
84371
31432
36290
7927
92754
52143
85089
31134
42180
81407
16549
90385
3401
35172
23101
67542
80814
9875
86164
91369
90863
54695
97470
83520
36598
29943
59983
13562
12801
51761
82854
483
78690
98037
1094
9734
83648
15920
81733
5488
5466
30932
17756
59677
98508
36144
55935
50849
10282
50929
65896
79509
17769
88885
55468
70203
39677
14855
71855
7504
9949
57564
36915
57774
99651
84745
32587
29595
69839
42495
60973
58225
60011
14500
40806
79115
30825
98159
70856
88552
30377
81184
19583
52703
98903
26522
56993
64032
46033
38046
6083
15075
36902
83236
94312
67055
44697
33304
56852
41
64805
88719
71135
58582
83483
43077
91046
12271
22726
50997
59355
56257
9360
96628
25852
52253
68957
63690
90209
18498
89621
25486
28911
22021
7487
27836
26313
57595
48777
62518
69959
61059
32356
80661
2046
85139
80236
77290
13311
7229
66534
31765
52220
58269
35202
73824
13220
40130
41887
93786
42480
18550
46894
28908
89622
85484
26126
84857
18811
29126
67638
5174
23206
88639
1458
49124
53807
6107
27941
28358
87862
80457
75181
48163
36208
80659
63491
28411
15042
97313
6685
13747
79824
89343
96492
17278
83019
69622
94254
87809
88899
58501
42990
6198
91985
6834
69744
50357
93027
20552
95950
45134
22728
81534
47508
83673
5941
29849
67764
38821
13361
47272
97991
96557
21379
36013
87873
7177
54582
53947
14544
7712
39527
76026
88304
9818
79083
53799
18669
86836
95231
65817
15607
93965
39981
75391
71067
18749
65815
66789
84388
20390
18500
28918
97485
44450
37412
80507
16801
73468
50370
44193
91377
50842
24837
80120
94610
68792
54466
39703
16465
87152
53378
28189
94035
99445
32588
89139
77677
45536
42959
5230
8028
12321
40685
79472
73058
37815
42471
68910
70815
24186
37025
33164
13480
56117
42866
81059
32070
16850
5451
83237
22189
97230
51745
26264
88567
74251
91321
19198
60221
29188
5199
29494
82161
53435
70594
67930
55739
21742
62815
68553
95054
51497
44297
10303
30470
59893
35106
41729
75521
56077
36921
28597
62871
70225
11472
59277
56247
21491
53736
12484
93023
24559
41579
98721
72792
3382
58073
5611
25006
54113
71345
80843
88301
17504
58049
72316
41000
819
71927
36973
92704
21035
31394
54717
57154
55425
96135
5489
71597
27017
70216
39492
65400
21780
53666
94652
36573
32015
47879
52920
30689
71593
98419
64229
64160
29842
96013
46672
63290
89631
38556
40118
25492
42795
54371
9463
22508
63703
97723
74088
6013
68241
97035
94728
99018
35058
81638
28522
5643
75873
84418
24850
88402
92854
59472
19835
19033
37657
31741
16244
80361
51593
58852
46539
55241
87736
91949
17345
96673
53107
80678
45374
88330
1376
51965
71293
94805
31872
75863
10024
42516
75028
10064
36542
88137
42108
13263
79281
43561
4505
92997
53100
22284
18900
72547
78865
92467
78104
27733
80609
9591
55355
6110
74837
70378
25018
52753
18025
37868
58274
68905
92248
55405
40682
51558
68995
83865
78365
7140
66762
43717
42807
33370
61693
8309
13893
14412
65772
48135
52686
88750
62459
76255
62128
97397
7089
42352
84291
60571
15760
84932
66139
83119
86047
98857
27785
29463
52962
11320
74016
7555
2187
45538
67253
34319
12618
13465
38367
65493
75328
93976
894
71884
26289
76272
83489
89784
40048
47135
51568
67060
48497
92095
87296
81499
86131
26391
30945
86647
27079
23968
67000
67667
29432
74456
43895
51339
18439
34736
73520
74810
46220
67652
90473
12412
28568
49876
37484
36095
3794
81283
91675
71878
36451
3531
34849
96697
48110
27259
25763
269
97015
84303
14133
24907
48452
97194
521
47584
92064
36755
31554
4001
46684
57737
44294
88120
48433
62979
12466
71471
27553
14569
67656
96696
21531
21737
6404
7254
71644
33143
55660
37068
24147
98116
6053
63104
57373
96569
61666
31500
66575
18224
94808
63745
26418
58927
64973
92952
18473
34915
66158
20086
25966
11893
7136
55834
65626
49803
75886
38567
85187
63517
72353
59081
76415
20370
96942
14342
76455
17783
36969
20226
84280
92988
567
1070
6003
73515
12193
10735
32003
61670
33988
26342
55230
35867
63301
56962
69061
69510
10627
7582
35078
15748
96549
79927
92321
88463
90130
12399
4103
59579
17759
51831
92669
80523
55522
16093
417
38929
40070
21201
1700
3553
74520
10357
74101
95920
57565
93409
32959
46446
99238
92913
71432
62013
58172
34444
34842
25261
45334
63120
67327
40374
97385
27359
24581
51217
80287
60448
62913
96403
35680
84084
3952
86215
78349
80758
8120
11303
99564
12910
56684
10967
29981
91698
50863
72670
3242
12624
97154
73725
9630
6260
84478
79180
70957
28242
56770
79088
9741
65687
62664
93268
55050
26794
29486
70344
60414
73513
47476
9915
23378
80725
38186
1271
79614
73274
3572
35765
73767
40000
33741
48684
34539
53830
97078
61992
20242
60122
33591
73639
2401
31365
16808
14198
78537
81645
25407
11405
54413
28475
14141
50003
28220
85938
20275
48166
49469
71314
52418
58332
98376
63886
86566
83459
92075
46702
69708
74741
15681
3218
56822
1876
94647
42049
97593
30155
49599
53167
96169
26852
30308
82567
29267
37087
92568
23643
21955
8533
47145
15525
87974
5034
4979
38968
53226
80712
57103
79688
4546
65534
69288
14867
46918
47093
65998
53322
91031
79594
20164
34784
88671
50604
20308
87662
66871
56244
1186
9857
88610
25276
97245
82113
46135
36158
13010
73470
22716
26314
67515
3449
51629
64323
13429
48876
28636
17558
30607
82039
71699
42392
10942
31080
96373
21756
53773
94598
76034
89933
24946
20186
32729
93646
29020
49467
47160
31756
26056
62133
95358
90140
47283
62578
81526
50762
46483
46205
33678
32029
93596
9617
33259
78578
7322
29261
65893
58837
99
87481
69280
31245
44667
81644
58912
48330
39463
45037
39015
36283
89263
16118
97874
21852
50287
74516
23437
91340
5914
42891
88910
14876
56908
97143
68981
93955
29930
29933
99901
92463
60280
98463
96223
74839
38423
58239
28516
43179
73240
48443
97765
53261
78018
52166
96033
5657
91864
2366
59735
97387
972
43121
51131
62246
26507
72695
9133
63031
8312
76704
45530
35353
99775
65107
20962
78070
76081
33892
18723
90725
57465
69699
79809
724
20700
86094
39247
50721
69330
99494
26205
78754
96860
54079
14911
83493
28833
17232
34421
98961
47113
35019
37212
24459
30068
98599
4048
15829
99192
64472
4412
25622
13440
73344
11139
69663
96830
46036
81385
72422
38113
14578
35153
20714
98218
1365
49579
41235
74200
71422
94820
78036
49523
92760
33906
64085
84309
6880
18095
24139
21142
92256
22161
50826
69203
20886
37992
39025
92571
92308
95379
35683
45621
26753
43903
84214
76848
49533
29021
9380
86473
80161
12766
40319
93171
25924
84461
74530
66310
23803
79114
91810
55526
13112
68991
59971
24047
97312
88583
70586
96134
8932
16719
15057
81338
29480
82087
67999
77994
59463
6300
18496
5482
13745
47855
7189
90585
89809
83062
15050
66268
43456
31488
21341
49042
75536
11302
82013
96341
74757
19120
47821
47856
12836
75201
90120
93911
27107
62209
34303
56776
72575
15365
9566
72061
1069
60220
95276
45802
33640
96056
4145
15737
49705
97943
21042
35103
30453
48654
5015
90650
24656
92433
72014
31722
95247
70849
88777
29866
38411
77394
9314
92778
91025
19128
54782
41257
13271
66958
17775
22324
33961
78274
3828
24053
38209
24576
65883
55418
58453
69434
53895
50340
10379
83473
48333
24552
1127
36194
22455
68390
52356
88112
19307
58755
69857
38793
87238
46629
74515
76088
54498
72042
41177
23879
36023
73606
58829
96591
14398
10839
8022
63390
27152
87462
14426
36323
58316
61501
43824
91832
71480
20639
67283
13389
34399
53352
47341
90137
20003
34406
50760
5250
86204
75484
70526
70109
50064
46487
34300
30634
47962
65134
77654
39989
62625
13212
69682
26076
37230
42104
1711
79050
24667
84445
50562
9454
99691
83895
85595
92279
4211
63751
55238
9038
83670
96339
16686
13744
59246
3053
32252
94310
6406
75486
74397
84963
13573
83055
44993
52410
75684
80948
21439
54874
69441
15382
53527
57703
88652
79451
4816
76085
36862
25683
71391
79907
23978
90914
19337
47666
9260
30213
32639
93985
12126
32387
47368
86183
13705
28081
20350
79948
90007
11566
31299
25863
69225
66146
65000
30125
63228
43186
43500
30984
31576
92277
94173
21339
24084
9368
57388
62962
83692
95470
56709
31055
44765
40242
63601
10358
79564
65892
70540
1685
83455
39386
38323
8333
77640
9925
71932
27041
98754
14562
57568
77562
21204
83097
38611
74132
61299
41173
15157
67753
78021
56256
26336
42776
89663
91706
78849
87218
10927
50071
80772
8384
38998
47699
9449
23796
27373
55154
76755
72107
65992
26999
49918
57180
40056
97488
68064
35947
52637
25704
83614
82254
9516
99699
17521
12562
28403
80382
68344
94060
42969
41766
66426
92951
7456
99371
16499
83092
36675
50211
13952
93521
1672
91466
99299
62696
48737
50583
17971
66942
76677
54987
53124
33932
70407
2946
19866
13136
13963
92828
18407
51709
5268
78836
97478
80567
22590
6402
31755
17809
20690
80769
32614
68745
20259
88871
25807
75342
35938
66930
44897
22272
68720
63842
26627
63473
67779
69051
77285
62669
93172
66403
78265
95732
44995
30855
72236
56488
90600
122
96544
55233
89207
39773
62727
26878
1391
23833
12350
8279
55711
6185
38403
77166
43445
49141
83989
53443
57989
81657
3655
92294
48434
30181
37376
28456
98748
68253
28210
22474
70278
57345
49716
55383
91266
62023
32511
52878
39772
17827
4194
4375
12736
13160
59714
66870
25960
12041
28945
64861
39046
97561
2025
20572
24331
87280
83173
43796
27762
34926
54845
42122
85771
39546
89277
48823
7079
44676
12544
49883
93309
33609
88334
14257
78232
11988
27311
27421
32929
64363
8963
21916
61405
92192
70258
18834
31913
2686
33854
65016
77950
87458
94859
55117
94762
57293
66628
27384
10593
69963
96584
71246
54039
30443
69019
31216
44128
2409
92616
54337
93078
63513
26138
39626
96062
27789
43772
63347
36285
3464
76004
47407
46900
91089
43133
86580
5081
72995
81840
95155
37857
93038
42966
32626
98535
40317
94783
54088
45915
46492
37711
27528
26179
91988
51396
19002
38640
46525
78899
14072
7319
3594
34502
11720
77504
93330
59421
4437
27672
37916
9685
9996
15041
34150
85158
13834
74418
6247
88924
10937
86830
76428
45268
35940
29310
11919
9413
73663
51368
93229
86497
3151
92252
84519
45841
14237
95102
36648
61206
98023
93297
4487
23360
56624
76706
2178
10857
1144
35982
62410
21295
71078
19601
76094
54221
64097
75660
73296
89334
46590
88082
91172
5517
13748
17103
13878
39939
89579
77110
89357
915
18661
27071
33570
41265
1783
51085
12590
61748
68486
41966
88054
86086
24122
60265
38409
89662
94899
79625
30558
89938
94927
12540
79856
74217
12472
91351
93875
12207
88781
32919
23889
79777
65131
81410
9318
61224
11704
72652
53780
72771
62957
94614
58180
76893
40765
76144
76922
48126
85094
17791
83539
45598
54162
83034
66334
4435
19722
17710
61876
51659
40696
60546
41397
42293
85528
9557
35393
32602
83291
46946
76175
66282
65975
1413
67085
21712
59534
91128
81749
28135
74040
82487
71944
13830
22064
44418
69899
97558
85529
71424
87834
60101
14859
23807
54061
51507
46846
79546
29574
69482
48145
95188
83603
64554
7128
21153
79238
546
78368
74852
37774
90587
93279
89747
19858
53422
38653
32695
61482
35606
12153
3727
21594
24096
68442
48275
27660
44863
78262
95785
92732
80177
73477
8244
27786
20452
22413
51746
77111
13255
86553
61625
55775
5134
66360
28292
20123
1100
2717
69969
37463
7198
32448
25352
63073
23768
44226
5704
21116
50281
51086
13823
86356
61101
61850
21485
81551
70829
42614
63764
96313
98874
50122
94711
24602
58859
71763
74480
49554
20921
77523
1244
56445
85207
59159
45226
19065
40847
26771
89775
5078
30148
36411
90391
33050
28855
7868
83734
89646
51109
87253
7484
54600
45228
27445
86598
67438
71218
60657
47459
719
89027
11786
90504
90425
91131
46337
27842
72060
6093
9374
51762
86632
32939
58751
15147
44842
18131
58712
50483
40627
64329
99827
49198
16978
30279
74453
5603
12658
42498
19350
58853
43733
35944
21353
60618
91896
43157
26378
80743
51394
75422
22647
59275
12053
19638
41575
59437
55348
97356
48677
20029
18511
1394
21544
72829
87277
69272
96529
21897
20980
30743
7553
53169
74263
24522
61300
54471
31037
47254
72029
51508
91146
34474
40030
13797
4684
28801
9989
29314
83044
42404
49278
30879
2703
58605
11833
63884
38320
67911
82137
63655
29788
86705
79734
6001
59938
47873
45200
88638
76597
46117
24272
85894
42231
13156
85916
34264
47396
75331
61591
53199
46935
69395
13532
98653
48265
90644
55362
212
77879
95266
4353
8608
29141
73418
70090
86186
55699
80562
34194
81653
51751
3447
80354
28703
86130
63589
37258
65584
56321
25138
67254
10242
51088
88247
69560
67116
62506
14380
61509
72621
74155
49055
49468
71474
72358
45169
62369
28036
77858
45101
5992
26641
37855
14886
15948
22581
12407
587
93151
77956
86687
72970
12508
63820
58686
25336
5745
83315
39286
34199
11821
4233
77412
56571
65414
48681
35967
31671
9602
59764
92022
6306
30076
35602
48336
66855
23053
83862
35429
62233
80886
22560
42194
40460
18204
79741
74847
86144
53256
77894
77757
80554
5972
19170
27953
37409
39943
22707
68410
30795
1696
87814
18155
18531
15883
38713
86971
11413
64484
94
56344
27497
42720
44660
91892
97253
72008
63697
588
75407
1360
93435
69142
32143
31929
12726
20871
32659
98175
5143
21087
71469
72511
41239
46002
67447
81513
40228
66931
10807
52478
25010
81181
12199
61806
14786
50441
79473
34098
44073
51528
66452
25927
45504
70927
20762
10972
66755
41114
62472
95525
97276
76360
53274
65220
69714
14720
33677
13225
73248
52198
56471
6622
83777
27002
183
88525
14541
21358
61991
96110
33660
33474
44496
6090
68434
28995
59924
10795
31530
99008
23038
4238
72818
8502
84086
99266
89752
36210
70227
58897
46547
1994
21016
9167
53971
69958
36821
74163
24339
90123
74924
15890
82347
92933
41617
12474
58210
44721
5418
13448
83553
54692
78518
25542
96547
53244
76426
18821
15624
10486
86482
69801
87542
86567
71128
27173
40994
71365
52787
97622
49116
62892
92784
14331
77401
62230
92879
16441
29994
17283
23185
4552
35587
48337
69513
31632
79515
7491
39146
96588
12990
69565
49720
68913
74666
28435
91990
41282
3618
58369
47139
40593
40963
65153
73092
20453
26630
69852
76752
44536
82577
95160
87898
74241
96082
23885
60313
94571
27105
33625
98792
95476
24802
62811
94938
78996
74030
14933
49930
97637
56367
22733
6561
37910
15675
26270
95501
56234
15319
69638
95754
13481
43646
67798
2698
82067
85573
51002
21185
90436
68433
2088
92424
96826
83342
69650
53582
71967
14364
57937
53176
82236
14613
57699
37982
46196
67015
78043
10955
95414
34204
14113
9345
75043
10900
94887
59481
22621
94036
18057
99336
11687
14808
16096
60925
50975
86852
11971
96646
12948
25144
56058
33395
39846
78081
94337
78546
90233
14540
75926
53625
84341
40246
92447
38659
69534
75808
6875
32113
83306
66142
88771
41394
64557
18620
44477
62141
71332
55324
92891
78857
3684
47478
44674
78557
49065
64708
30491
6339
21539
12080
44101
18775
19742
36991
787
51458
28252
2458
31344
85136
1861
6842
84355
21072
67637
21552
29037
86279
74036
83599
87471
49682
1634
71415
54089
79126
34129
54014
34109
8421
41901
54908
60242
32720
33302
25747
17045
40995
8046
63993
27225
16386
64110
38564
9887
26430
25267
1329
42481
10899
81942
94897
29448
88865
62425
13329
71309
24677
4092
40292
34580
27984
91215
76453
7028
82595
5201
36941
14230
59834
91212
59441
75283
95709
10676
59210
89602
72203
94259
62252
24148
93902
62615
93320
74252
25866
51929
80850
91454
73743
39243
37917
85475
86223
76285
44033
55062
30953
3307
61407
31310
75938
68039
1819
49625
26229
88510
14888
52625
88322
17002
85634
12573
16930
28564
99157
88167
59163
41315
57947
27285
34798
94853
16770
31815
16622
73113
86827
93484
30923
47319
13519
49376
71116
59357
81372
89606
86652
5431
69341
15931
73656
16804
29653
88188
58673
95877
47343
28579
91628
30654
22301
88456
62640
85618
39569
13176
58216
71663
28264
75265
23711
87643
73891
59095
84879
12020
47025
42030
23966
69914
6725
10450
63067
30858
97123
34370
28474
44682
10316
60586
84781
21696
11815
69707
24251
75709
75278
32575
84215
74034
8281
71648
32308
57036
16241
85768
2850
21186
34301
3780
51715
68562
34355
70871
53318
669
91914
90619
50961
2579
63417
43253
89210
7703
67831
43636
15029
73358
96770
22469
62855
81706
20507
79414
74554
84397
51406
43173
60073
66588
63727
93796
61819
51875
832
36524
13644
17311
16527
58235
85191
18923
36252
3372
14800
25450
2649
33425
20765
11437
40490
31183
48101
9410
85995
86197
80305
67034
17681
45466
74959
77877
21640
25555
28645
40717
51708
58222
43778
47035
88020
93519
78512
63785
75704
12804
47462
93045
55059
12166
38874
45631
62163
91919
56596
63920
8749
76562
54109
8359
68734
4891
94454
5728
77453
94212
17701
74531
6161
74858
97223
52540
75690
86576
13825
63664
434
81344
55149
14890
2664
58671
44738
36409
58199
93063
90661
21152
84259
72743
30490
59196
43395
39026
36992
32492
46464
93146
83891
88265
37110
38509
59744
19212
49190
17545
38635
67745
25765
44899
16395
97280
33450
9531
53987
47123
43035
10776
36436
47174
5775
63497
88177
67418
27325
16806
19326
73849
12582
27222
21546
66211
35228
51018
1894
87687
7342
87654
62433
25073
48000
94465
17010
54700
48097
88608
62156
36896
90408
14753
47466
31634
18190
80045
87454
54615
37892
95823
13652
38907
78200
77160
72589
94071
65839
89381
68554
140
5641
54283
101
41190
59520
84775
77712
96760
6212
19173
52554
71482
20571
33619
20357
97197
12710
5749
84444
30385
91765
11020
38270
3958
24023
38583
8304
73579
98577
98014
24695
7004
72949
50938
73244
13509
41547
15749
34626
5315
69102
95187
89751
65702
15868
94187
66638
23457
7588
34868
93051
90881
63245
76491
40202
90778
12385
16336
81884
81148
4725
56673
90399
71717
31614
2920
94672
48561
94636
26640
21931
47230
95733
15144
60582
82954
23404
54522
28007
77376
21326
78974
89915
94084
16438
51783
24620
79813
31623
28860
16427
50329
69268
27081
27898
36216
95480
56437
91312
40896
70942
14480
10789
31427
3639
96772
74803
13343
41099
63962
79792
57489
41863
46739
9773
52111
46818
76177
570
78086
34895
81094
27529
36300
39117
61271
79306
62497
58393
59052
84694
49735
59171
11607
21480
88155
39870
20478
17007
1872
98151
79580
3013
28137
18527
78825
33674
69841
806
2675
92268
41818
47963
52053
62873
67029
77408
52250
34294
90240
70954
93665
62969
75005
98503
96480
87460
62302
92683
35909
82207
45307
63033
90552
86128
85926
28523
65596
95897
56086
51583
67380
6062
11552
69150
52898
52433
98693
16201
47018
96076
10436
17026
62250
70447
4884
12851
46451
81691
82912
15256
43907
50385
46310
33574
28261
12033
77612
49771
35633
88855
99022
23809
18335
50533
55970
57876
82118
28704
37926
30400
9526
5191
25769
70232
35022
13630
69458
30019
4123
79065
93361
56833
93230
48883
40129
64876
16537
72447
24086
55290
10534
71573
23176
59934
65491
74158
83292
50766
14190
84331
22828
79615
61704
36815
62354
69548
26038
69329
66589
94065
13701
34038
2056
81214
12845
86015
21090
79868
25548
4812
19543
6946
17679
73183
37886
34688
64916
7739
6602
96365
33739
56023
12064
96114
19285
46623
16066
42451
37934
680
4234
69781
18824
16366
90770
25937
97772
23724
58896
10195
6821
15072
21487
95736
90742
85625
44673
82155
36674
32129
27615
55591
43095
47260
76989
30104
31828
36928
16061
44209
7381
20996
20401
34476
75977
89879
12846
4047
74675
36652
45871
45259
43450
69715
14723
67325
2989
1251
16340
66263
7991
97364
27673
44602
78921
28167
66809
25003
52202
14312
86018
81994
10159
20248
23480
32541
70521
62025
2585
38856
94395
51811
73855
31339
44245
91954
38371
61239
62945
17837
72827
17134
41702
80835
74916
17046
67370
14979
795
26618
5605
53640
83332
56030
80048
47263
96654
57436
23132
78263
74766
51968
88036
14887
96252
79498
30384
6156
89801
93110
86943
38940
42011
49372
97661
37836
24863
49636
46342
30626
2707
92756
49425
86013
52866
91402
56602
67634
87611
22854
40107
53906
22542
4991
47078
86791
78466
54133
87633
23805
29909
85958
53053
50193
43002
80823
37908
38952
83449
3395
61619
7116
95645
12888
70800
98092
55906
5884
18505
7183
31993
92729
84585
71046
63516
10146
74834
11132
47002
8210
45142
67360
86435
85030
63140
61894
62530
22565
91471
98799
90034
74391
91330
1871
58753
7056
50266
75802
36311
76970
63130
93973
66806
41725
19036
77819
3645
80094
20641
29038
6663
24433
93384
1560
70193
28460
50397
38204
7609
82858
11081
97822
46274
70441
96840
34636
25779
84545
26040
40488
96863
11649
11981
49747
67071
49127
5121
12375
11868
40507
24137
93329
45609
51049
34307
19993
70380
57209
31787
11599
72445
38733
64524
4676
40807
91830
53715
61314
68204
16147
69721
1190
90376
18198
96935
97927
82903
12530
12707
2913
62104
71367
79298
66571
64232
54903
4888
64991
38608
78322
79538
54335
81787
57812
36391
95794
32391
31077
28719
69851
41492
11714
91983
16914
10392
46726
31730
43521
71824
84532
1619
3256
39633
22340
64365
68893
11256
72435
17840
33881
30332
23446
11130
8707
6659
9713
10823
98729
75488
25804
27578
56790
73630
7573
64632
93698
66532
5433
66878
8980
13408
37177
89820
76237
6596
24317
39920
37610
4017
12696
85887
86821
67885
60548
71969
69415
52824
12547
43523
49018
7925
20011
46841
52548
63514
12369
89697
29396
15464
46516
22568
28104
10164
95204
88198
13055
41700
461
78245
41686
68245
55300
16191
33121
67129
21228
36069
89767
80766
21413
29212
88346
90313
99027
94017
32114
1410
57862
97422
31174
22761
79627
43156
97606
17414
72302
488
67895
80894
40426
36474
2252
31490
15983
74400
47261
1775
1906
29511
97053
83333
12527
69344
52059
52770
81117
42709
90292
54037
28333
84930
61801
58742
65980
77804
56659
55984
50709
76152
40137
80821
49184
32986
77871
23367
78830
20973
55673
32665
93238
97792
98942
53998
24557
42958
28799
11731
32915
83811
35836
23050
32203
9155
12240
43326
95613
88051
14026
47869
77527
28165
83041
24791
70742
90631
50901
2228
38138
83987
44469
92044
36851
76587
60902
98600
35963
4517
71364
96146
13332
76296
23612
24846
59140
96429
51524
56172
23193
96156
84070
30289
70973
22459
56370
92700
92842
63007
53659
4423
90550
47835
67020
37304
32167
21063
56102
1211
95755
62376
4772
65979
71429
34621
49472
58141
36898
92680
4122
64969
18199
2278
36727
88240
38223
80959
56450
36907
97556
80695
80842
36064
18295
96847
66651
6358
75219
84629
17353
63558
15011
53021
58384
56545
28495
34836
46791
29096
50373
76698
20298
10495
72007
3393
83468
21053
81128
19984
54000
38999
34325
45024
29352
17654
67423
93511
85447
23306
23557
46290
55845
83833
67042
41866
69935
85008
72464
50553
50631
94266
37464
91367
78463
7406
40280
97565
67022
97186
21167
46378
84077
15518
32200
39683
73585
9932
5344
90245
97541
27627
1461
1015
14691
30818
31566
13515
62127
76369
89025
3747
14831
8771
42640
92395
73109
59605
11997
43616
45500
63498
29269
1562
72323
38141
12492
48154
16149
36771
66828
44171
67928
13989
26650
46627
81443
42825
27125
73557
92883
6568
60927
75834
80992
98427
95057
25582
96589
3194
86916
51988
67676
94031
73820
41616
81325
92806
40594
41074
5877
24513
25180
95123
34551
80551
51611
18209
28156
33056
83923
9766
22700
58683
87240
99219
98785
72002
39597
55952
1557
82043
87787
84182
71873
72199
79457
73703
91763
68746
16110
83806
56603
46929
18932
78795
76260
10283
94716
40814
26454
61280
80092
13427
98751
65976
52599
25435
97748
62333
58356
79188
52115
35222
82292
19894
71988
35278
49938
70361
16868
8141
5179
27851
89700
85366
28266
47425
14727
28706
26572
70722
36329
24770
45161
36226
38753
90673
60745
57957
47771
96964
46065
13138
17547
64606
62862
22039
38017
49022
264
65705
8307
52434
33219
94874
85418
33025
89280
54552
64542
52404
12700
76226
82108
84002
96822
89832
39747
66454
75086
68062
50126
42815
13257
4764
29835
54164
62737
96586
52386
35417
69874
21330
82003
55039
80875
18940
64545
20036
62404
82
53019
62789
7820
1822
30427
61696
53728
62889
66683
36433
45848
34398
15018
34872
48107
97059
52189
92549
52977
40530
22964
61230
75474
16545
35210
31203
75217
44579
10296
3512
66159
77512
52135
38849
82717
22079
18863
349
20417
36636
71633
44041
60725
35662
726
26871
73826
40116
54271
98580
41985
21293
50404
20847
60076
41102
89521
12880
28015
19072
73769
72066
92442
2741
71431
56253
80478
22671
33517
61427
34265
24599
23121
95421
61832
56748
63199
26105
91709
33122
81222
3342
4273
64091
20875
24355
90836
40051
48539
54558
51782
67972
64937
95876
77087
48955
28142
14247
17501
40094
52214
77606
15460
10935
89867
18259
50558
37331
12756
6627
92620
33769
26415
22367
73997
3419
95590
888
34761
54997
55664
25687
51418
47218
65159
54770
60440
41565
39105
27291
50144
20213
98541
64000
75530
41915
35041
79908
27434
6347
86417
80132
23319
57819
49453
10818
99399
39838
37704
16308
78498
14383
92410
37872
8328
10948
5159
52264
18469
54719
63626
67829
52237
96164
68766
58255
16948
68004
99498
90520
46252
72727
18599
24088
30876
9641
38127
62275
93466
7939
68823
67205
81514
17240
77346
23745
88317
38368
99424
59919
59543
3185
95777
79720
92509
53833
44370
31019
17202
50384
14605
15008
54156
74161
84620
18375
9060
99795
99906
41903
22892
6540
37482
50668
33797
39841
90696
57075
13479
57351
47583
88373
72258
14835
1949
73544
33384
41685
4170
75408
68240
28450
46857
90793
6345
58504
38951
1031
17112
5229
50616
32291
92105
16276
97982
6405
86469
22195
63442
23909
17432
4274
79663
82685
69835
11146
36039
97869
63877
23277
46782
86714
98025
66482
35145
71519
78473
50878
97979
48499
55351
51224
75456
6731
93914
52761
45630
97813
22078
66126
32386
62307
72962
15625
22303
15823
96043
31469
89327
2185
35461
6166
33313
66044
94920
8846
64140
24511
77559
70505
38369
44922
76738
34878
1017
58867
29260
78275
77229
9908
63815
91876
97573
98202
66111
28776
95198
29604
61247
69074
53112
19323
30642
57028
9653
6957
91177
53812
20136
55045
7745
75765
64024
86162
78344
2334
87479
43444
11536
18170
34531
25933
35388
94356
64681
21065
38264
34550
95122
36464
90115
42979
25456
92168
43493
38415
60443
27457
11060
17497
79365
91582
92755
65899
1310
69333
3080
89575
21511
70975
83588
49090
75055
96876
28028
39880
2794
25702
32756
39139
78465
70107
68874
46057
21044
22995
2659
17525
40032
26850
63523
95143
32737
9838
52678
13067
46996
51532
92121
27139
75223
14770
6029
77127
8040
47422
58244
35003
89477
5850
41263
4342
1964
27326
90025
2866
60198
49935
17020
65412
52175
51684
24874
20161
74112
49333
67584
37562
57596
90150
35409
94637
62243
10454
88675
55319
93699
1579
34859
40146
55762
97367
52615
21126
41419
39431
55462
34747
77163
71178
52702
73122
10520
74292
31164
15097
58718
24098
38194
23986
14036
48655
69591
46155
15547
73976
21001
3657
98476
71354
9683
76873
73555
14717
9299
46445
91656
57107
75262
27276
80820
93873
84886
84185
58061
93226
72536
50638
83805
80169
23921
75158
38625
28746
37585
71284
19373
97590
77303
11603
813
20378
60492
99082
85318
77411
11788
95339
72570
99640
34047
64425
11019
58003
40039
93732
84727
56189
73169
90579
30561
18405
37677
83116
11344
74525
37403
21426
88049
49522
16027
3452
7352
62854
70055
24510
37156
44427
3357
82103
27008
82077
93491
49782
14725
24701
51887
15401
39645
67462
82703
38595
4130
62658
77609
28709
4667
79162
72218
51851
13951
66009
40953
57586
81841
392
10072
1841
27465
91783
48963
26141
17400
24958
18277
54152
90018
37458
46267
71267
6713
28020
42740
80356
20887
27539
6049
41443
9431
89617
85119
7743
42513
33011
89629
71134
33969
80210
27916
60786
37007
61315
75637
84284
49348
38540
56982
64214
24117
6607
51150
53770
13861
49624
12652
22357
95172
7175
8463
74119
10630
96149
30193
52605
98223
2814
72289
27768
76011
98479
30440
74745
72058
55404
46829
15324
69576
52670
80533
68302
10907
93816
642
25541
51685
37148
55835
80442
79216
7981
1115
18576
27909
15798
6381
7134
20699
63765
80179
43738
98355
16811
16818
3245
59215
19119
29223
23592
42539
37666
11733
90586
45646
93657
8349
97272
76816
53215
47567
29589
52324
35487
45488
18075
60609
68026
27630
30421
24878
96972
40243
15719
29737
21324
10308
10749
80372
90450
68569
96417
16476
94227
35352
86374
80488
91687
54768
18754
38938
34412
96111
50072
21797
83683
3584
59187
10156
77944
98949
8687
59154
88192
35117
33776
20516
68603
24627
41878
50079
91064
61747
63913
24639
39544
60296
57646
96485
41322
85639
15484
94596
96278
57714
21416
4072
73781
42906
61596
41987
14909
77428
59878
45813
60411
30262
9164
24856
50457
54287
30622
25087
18880
28484
32807
55669
19963
29078
55642
47399
96918
37835
66847
92673
5676
26344
54687
79642
15482
29529
79917
22831
71807
38506
78721
90369
66015
248
45131
2956
53752
20155
14602
70741
39926
68617
16848
83011
27714
79548
17600
19890
45617
87330
44018
61745
17566
3680
68308
29753
22290
6787
37643
33514
4734
34822
41303
26051
98315
41881
67540
48702
55913
17492
27420
65188
5496
94314
84661
18709
27678
15610
76495
16277
41758
70061
77045
45356
67454
84776
91942
35431
24917
35259
19416
37895
69659
6095
99478
80303
46681
87960
25845
83652
95227
67397
88305
87401
24586
35014
32692
1364
64666
7551
95146
27253
14475
63158
81837
20730
61709
87613
87811
59426
35567
43966
92607
82751
77050
28451
80654
56541
99056
30336
15712
53898
60105
36176
72370
58792
6435
2674
77922
28281
11512
72521
98306
34
63791
42914
28376
6624
71396
38050
84230
51012
17495
58249
62469
38169
75405
81210
67949
60643
68089
79584
9798
39151
15142
88280
24014
44048
87901
45121
17106
9871
63433
72344
79069
31425
65828
64004
11556
75296
35155
48698
7796
61141
75764
71206
60967
39881
62428
63855
35563
65873
36289
55966
87668
33324
1133
14662
4713
5995
79309
57987
30735
36377
71239
68682
30556
51718
20399
96312
52512
19973
52655
38125
53888
33372
10975
36271
79438
70542
46852
18433
3191
14533
10170
81055
51417
66971
56108
55923
94225
61829
95296
53015
95922
96509
92400
70184
14610
13738
95507
8452
5534
97518
3386
36800
83310
28748
74133
53876
66964
16979
24717
88748
66542
27706
44732
71348
45141
97014
97700
32457
34219
87201
78020
49363
61833
6369
2625
94002
77683
40100
29336
4756
13007
5067
1968
24456
2352
77299
60005
32090
60135
86975
95104
51409
16819
13857
40737
41779
53136
90271
18157
15357
89720
63078
93885
26151
83581
64767
71682
77754
19309
22333
1414
84941
85043
72872
70911
64244
73132
11049
22162
82258
7168
82824
35494
70712
52812
47448
17768
67699
95734
56044
54071
3739
93690
87310
13300
39887
22319
57093
57502
79119
29112
30754
7374
24543
56878
65927
2683
52118
97913
43210
82500
85534
16567
81468
7242
21529
11792
95110
41464
61660
2482
52326
84384
28707
48153
78039
24276
78814
79513
57935
61822
58153
16747
45217
34205
11994
8306
95523
27923
44393
61195
71025
88728
30218
68882
8303
42970
33565
66170
43048
58034
70076
75820
72834
71104
59898
46676
59892
31849
59619
39998
44270
31989
46787
71036
29343
38092
92100
88613
16372
42520
13785
86842
20501
72349
55598
62689
38724
95377
22666
65360
10708
96102
88605
72955
13627
83764
42507
15486
71331
17047
63429
84032
1236
88905
17387
72293
16805
26285
11600
311
1011
86281
26666
56706
67805
22672
66648
69497
52543
40413
60784
71031
84809
97404
35108
85440
80028
41890
46384
42054
39360
19293
74371
70503
31589
24805
51624
7475
19540
31922
368
54059
32304
23432
30365
74693
58831
34861
24589
81964
7471
26203
15297
9412
71703
31696
21321
76140
56875
9282
91631
10763
9937
19868
33134
777
35157
27722
80793
34917
71286
75400
23288
36838
55547
93571
55721
88087
76090
83863
92113
91516
71917
83986
18428
43728
64614
95713
25475
42781
84121
22490
57831
90486
58840
88996
99449
63572
82375
52412
63134
4322
64553
83760
64658
97771
42811
66411
36555
3579
43961
39575
97539
17289
73761
35295
80713
35781
14858
51141
54440
65623
58613
83564
28603
70366
67761
60572
76398
8880
41164
57484
31694
36984
52325
22365
5526
10715
63232
75327
72579
76835
60636
92790
22086
43991
51617
38393
44006
58534
93102
56178
5708
48689
6112
97628
24775
75627
66154
96521
46780
6563
57262
59654
68802
57581
34227
33436
71403
16716
8250
85949
99112
54795
9615
10594
83334
98181
20960
50267
81323
63653
8701
12215
85387
6550
87177
16597
55843
69794
6694
50040
70734
43557
92744
20253
70114
14966
68060
70398
89957
47420
83436
515
68244
15235
157
66143
91405
24318
39100
62888
63412
30386
17237
55942
61595
92191
32854
97302
76981
69442
73091
97699
84948
57303
64126
51262
52445
50585
23395
59750
21669
8650
78923
15065
73215
23597
56570
95833
95633
33921
7570
35820
6259
82411
33367
55344
29153
50571
39728
38823
52981
42525
26257
7337
67746
61646
37292
12211
71802
60278
6437
61278
63278
1611
32948
60305
66261
75087
96739
3968
47327
94756
26238
30428
73896
40201
43455
83716
95418
81855
52090
29825
65109
45583
33115
65664
11730
53287
99628
29880
33305
34593
26576
86597
56872
6852
59401
523
6462
76240
96177
39917
61571
61765
70190
1140
42688
72436
90109
55682
99295
99337
79522
46381
44407
43335
87604
10731
48422
31585
337
58745
5975
54322
22696
61284
59387
35386
39621
79765
89015
71528
13027
57029
15515
86758
28613
92655
53359
82554
41699
77224
18783
66626
57008
91470
99114
84916
19629
70117
26266
13125
37494
82525
28359
44557
88326
62476
66732
70182
24166
63896
32744
94417
79731
97749
1352
43430
13208
37423
28002
68588
50137
71071
59756
73393
38019
2435
2486
98165
25192
79223
85774
64434
78005
89448
35668
7728
54288
6076
58432
96814
77969
39189
23635
85747
46466
14075
13073
35374
65747
43025
84546
93355
88846
88919
30954
69166
77624
55592
61074
42591
19158
15699
31603
55085
51284
522
89634
64175
17758
16045
27904
41832
24450
97299
80503
48923
89971
84417
77393
72870
86420
39965
8484
81321
34149
99638
70450
30166
70410
11088
58935
7963
3550
31354
68023
74018
34752
77054
18085
3777
53508
18166
75509
69389
58418
52969
34638
38139
77358
96449
18143
26644
74035
41130
13385
38580
60697
6346
91961
80927
14581
77655
92377
51105
29631
87001
24220
65024
27663
62
94584
99745
18241
73683
19441
99251
38424
8102
88079
56443
16702
5013
71409
19197
92296
42738
31675
26405
77400
5302
36235
82575
64445
97854
21674
72377
70518
33223
49981
50946
69491
57026
26651
52895
90556
64276
33945
18138
25995
87628
92065
25351
87124
9505
69506
54725
77957
58248
77888
29165
88751
29420
92251
94405
45017
30862
75670
20644
9142
75678
45437
83025
58206
71987
98895
78859
35347
11376
30736
77481
91124
39961
23124
73951
40812
11776
43291
52579
62634
97193
21663
59670
55088
74875
31049
19661
95568
22460
20835
53251
25451
38311
48067
23015
78266
37932
60161
71517
86757
72873
35090
74243
28785
63456
58562
11183
66193
33573
93720
8041
78835
8228
3576
63744
29969
37627
61803
16271
23946
26022
90993
41199
44537
49286
19085
62728
49824
48352
75936
743
51609
95685
95612
60922
2764
19368
27781
17348
91514
65136
38350
40969
80260
26597
70838
52119
54284
94904
99624
67717
59655
56110
62971
23033
12895
65729
87084
18740
18644
87494
51419
71709
25392
99837
58851
75404
53023
73819
11415
74704
50180
55698
44937
21748
93333
20240
66995
49188
20215
42416
91560
59920
70773
32396
18877
79433
4540
93264
20109
96681
87829
38315
71789
29839
83391
26271
32205
61353
41751
935
60169
41706
58552
12680
34584
20701
43440
48984
69578
89884
83211
79336
53511
56791
56389
90070
52810
82609
54074
40832
26660
95192
97827
33952
56127
4054
82766
5186
83193
13662
48105
15956
38757
11195
35827
13360
79676
35675
30048
96859
77855
59447
3278
19082
14395
9603
62358
57228
20586
84368
26675
88464
73012
82050
37831
56473
65503
94771
86734
51029
37688
79485
61268
6594
91184
32522
6311
4846
67371
16139
18850
23488
9502
95354
48733
47147
27424
8786
50633
69742
57213
61974
28418
48356
17117
30362
17292
52784
55912
94564
3721
90947
13928
5574
64682
50029
49302
85917
28502
81568
53937
47402
14804
81747
63483
50106
51670
74306
30865
4801
28610
36595
77860
79174
11774
72884
42137
14551
46553
25854
3341
96447
33877
24319
23021
24283
81872
86798
91315
46670
13548
71313
42865
82532
61055
60693
90846
7905
75356
6958
710
96363
46943
53778
73963
59266
21190
91007
43028
60803
92254
21708
20928
48429
97321
1739
68198
69574
26282
90314
28680
41401
18540
60956
21041
62483
49847
98836
48770
8876
75718
58076
85723
58116
88967
83973
35586
64648
54446
37753
37395
71123
43606
38444
92548
3281
77462
36241
24435
88159
98715
12137
50190
52174
35751
63094
23039
97767
10854
6094
41842
37960
77513
85706
4741
81612
88130
9182
30187
71977
83674
7363
73052
82227
26450
24496
35197
10110
88916
39176
46215
39297
78293
6828
28599
42773
26377
57201
47505
87804
67235
43084
18513
48863
97512
3754
44720
4368
7343
3932
40208
92430
70135
64080
93988
34555
43391
49496
83800
49458
54904
62607
90410
8663
1814
9746
19270
80656
57437
43649
26612
32500
64180
16471
22911
48211
89762
91077
6662
987
97881
82787
77440
56019
80387
98993
2464
18178
79315
30872
44175
3409
7855
59296
6503
97298
5753
36342
87806
47668
39209
40207
54796
35049
18703
39487
50681
70832
53885
5697
85363
94146
64315
77120
61622
52498
17953
94338
23025
3997
54967
1128
1728
72270
31408
96625
32497
96176
8213
52075
20180
25691
86569
13669
7117
83572
8091
96463
64865
53284
61233
56751
16649
4600
45424
68270
97178
76114
95518
67123
69571
82928
76134
48692
26975
17100
69996
7003
18036
22954
48618
68934
32125
37931
29158
31252
26358
69315
74670
8943
30672
35562
34655
21210
85835
29268
77104
48355
31388
15790
7399
65989
24271
41079
21395
50433
32757
4192
83231
31113
91748
21600
73984
53653
95753
15617
97157
61727
17086
26346
94521
93760
75266
36493
24232
85406
66008
27682
33422
5414
15266
68653
89256
5352
49427
97142
98805
714
27005
25637
58174
20864
13624
94858
98631
50518
87431
16644
39137
3925
92218
10105
21389
34541
18762
12793
75618
43593
68077
60224
94824
15091
25628
25363
21543
45171
70198
81052
14025
87153
11151
46558
22099
75813
19530
55943
71993
44533
36328
49411
68624
45850
43435
88466
4400
41011
48111
43870
78715
70083
43089
41283
39999
43243
45568
8352
89201
60106
37863
34238
27387
75124
46467
67326
92555
86937
25094
2808
5296
24584
59406
95946
58001
7162
7512
46364
14719
61340
4373
27780
60558
70756
43682
2256
80363
52296
67803
513
68358
89541
26143
3662
20911
72951
62355
28080
68821
85199
31224
54894
89414
30731
5530
88547
40978
46609
37542
36398
78894
98344
4696
68406
76436
97907
21522
10328
79815
65418
83880
91567
63956
50870
95320
72094
93492
48617
96632
89436
76974
16728
82888
73021
58905
38615
14598
569
47519
44064
87164
28221
53374
68867
95849
80552
91019
49586
59276
12617
87716
9043
74938
37577
5622
62372
78055
80744
28488
22283
92516
33414
18165
9387
85522
10340
10052
31249
49288
26917
80997
20654
29468
66639
58443
19520
89522
13198
77152
32840
35423
64567
93641
7296
26744
90569
21848
70470
64207
90856
51377
32570
1986
72664
70917
41856
93772
47911
29697
56002
31944
16936
89141
45987
64581
98274
59728
47843
69929
9511
85176
21574
43122
61071
44371
44060
13656
36080
35874
71858
27886
19996
63246
83348
84423
71768
13530
40693
12564
78397
30380
75883
84952
2597
9542
50009
31482
59410
46495
73908
28548
42132
32801
27336
50864
66778
90426
52083
66749
41948
21289
43866
60838
84869
16887
29062
19842
76767
83099
37909
71131
25654
12723
44866
68705
87859
25273
95090
99806
6981
69290
96954
79687
42259
68948
5946
98736
28803
66196
57756
52225
39640
16824
94055
46382
71288
44668
45966
14242
26888
85859
6978
22825
42003
56755
51880
97610
96045
72134
80312
15941
22183
69590
40373
70983
56456
81085
48415
88896
19573
40316
16237
8961
13190
89131
36698
78654
94388
3829
69159
37042
92200
92350
6100
84533
18758
97378
87030
42708
75720
89242
70011
54114
64138
49440
83877
52181
82442
58553
12342
54481
95750
35180
26811
46003
9624
54743
57420
18382
4071
63414
22584
13289
95905
1707
748
43659
86819
58021
33524
67112
2385
23126
3718
31094
74073
26176
31999
70530
71722
21675
46098
2611
19845
35789
58368
85629
64410
44346
27618
15605
86091
63277
26304
11550
10855
23052
69962
91630
75229
65877
20153
66868
82243
72950
21711
33818
78032
95850
46706
89304
62821
37810
48614
21471
86523
94502
65371
71743
68719
94793
76061
17295
72198
36367
89911
13228
48155
95395
32265
35796
72086
40351
37208
21194
35238
65670
31184
80545
4060
67216
91695
99124
81764
92971
90646
66492
37972
54860
12770
49192
70564
31130
12962
51889
27808
43931
89208
35770
76794
80686
98554
55287
69817
2581
47026
66985
1747
95020
18955
41820
3274
8620
79136
31466
36855
57010
94931
20841
80019
97055
85350
44100
68674
11353
28217
1704
796
75598
88544
50388
86393
14168
14336
820
35992
54364
22279
82951
29869
88909
93733
94843
98725
1837
7594
43995
12887
99220
63037
48191
45673
78743
225
72155
64877
32506
80208
85143
27121
19645
613
13363
44354
44408
83684
5970
69213
87202
32862
26966
77367
75526
39103
60158
90481
2008
85892
80479
12761
75011
17992
58589
48666
95195
98237
48375
79254
73078
56124
7704
92614
4556
63675
92547
47094
62210
59751
38704
20974
88328
93616
16451
81910
12576
60698
50096
85462
99489
65793
98928
2271
48728
87636
7578
27560
1404
95089
47001
78632
40188
18210
47049
96174
51135
24439
11388
12712
24692
97444
35517
90104
33310
25152
8009
49890
12204
13045
99910
92413
18968
2849
62938
30801
18892
42064
55729
45702
20438
47386
67
10234
6157
77848
76470
98144
59954
93200
5294
39909
55196
98533
5703
66753
61960
49479
62692
36635
17114
14348
76813
42230
73522
18617
72794
94037
4727
25750
41801
46480
16538
36358
59721
74104
77633
61156
89050
72833
81522
37057
93818
78962
95970
56845
42326
31777
41368
5400
75107
99970
83555
15963
50502
12735
27164
60777
39239
13551
81422
37187
81734
58506
92276
77531
76121
93182
31014
76907
38309
75358
9928
36778
72410
32637
84732
84263
50290
66881
90374
9470
86365
89482
72030
31905
18614
5276
75667
75801
90576
50113
38437
37165
64539
36314
94868
2509
68426
74477
67232
80411
85716
7517
45486
87453
57042
51147
50978
44152
34023
62524
32127
20113
17357
44794
52292
43390
64217
69273
6256
83629
43820
80148
39058
87988
69797
22688
80261
99091
97613
97288
87509
71647
42994
7083
7410
74993
23874
7887
72606
8604
72100
38134
37405
41805
54661
90246
82918
64615
61913
26475
36279
54233
62752
67651
92184
75332
83559
28005
77503
13598
19367
88487
94098
13422
99403
78113
65255
89833
2885
25239
32666
42768
12611
62107
18010
38886
47354
54495
89476
85452
35935
59611
80998
29051
42485
39142
36638
11520
49942
69723
9865
59288
98681
54713
99065
28745
90954
57015
99938
62264
62415
10863
77596
29490
23545
76468
74143
89288
19546
77537
96839
70639
61013
79510
85325
48326
13523
37386
98614
86894
26882
97353
67297
48986
40017
20613
69879
99921
50529
17607
80838
50628
25200
97831
63099
89934
17969
11952
5035
24797
50150
90054
65811
55921
59727
62930
72822
30964
27398
17546
70033
52080
99335
52041
99391
59854
66554
94137
48331
95948
73319
33529
51770
74921
47560
7383
4315
6151
1003
3779
8407
31861
25454
17991
61725
60059
13002
72837
67588
55119
40043
51480
49370
70991
73766
56433
6885
22009
14055
30496
20578
26382
94235
53468
58177
6651
4311
10601
78490
58466
66178
17188
18618
60019
28360
87635
68660
35255
66524
98451
92959
84796
20662
40580
53737
18507
90261
76782
44636
28417
29142
86594
74305
59207
35075
91145
45444
17712
48514
25484
54231
45038
10959
36254
13170
41380
54794
93327
30814
99892
34516
66938
48585
89655
46895
29833
31246
20703
20187
78205
69105
19338
8248
2634
46352
74608
23691
95478
62145
59740
33772
67706
89581
19352
48074
87781
32905
72736
87580
73472
14637
24473
61381
83532
96372
38491
84642
16136
76334
88104
17363
55374
43205
87617
15165
60938
54510
19446
84817
46331
81754
55919
96142
7284
51778
45595
17774
61986
33757
29868
89080
39952
42583
70873
78033
91012
8433
96394
50496
1844
82932
48016
93656
31196
33643
6175
5917
87929
36353
21736
66136
9205
44945
87813
29081
86548
87598
48546
76887
14451
26236
18687
49317
16857
45970
67252
15094
43943
38643
87345
13574
60712
91659
77515
92869
7080
87380
1330
27991
47188
73516
64027
57797
92412
26240
70704
11654
29828
43666
15843
90546
66900
91635
23195
70967
25865
94532
85029
99562
2332
38945
31631
65327
34733
66701
56975
57504
45314
22935
37583
54555
87383
95149
65940
98933
69653
43888
24136
68664
4841
8679
35618
41642
97780
334
77856
72177
1969
47524
82757
38317
27769
56139
24471
91154
29122
12807
43813
21156
5694
31457
3234
20252
14328
32271
60816
61654
17035
74829
82821
17931
750
99675
72254
10055
52797
48880
34348
30913
58294
91760
45404
47748
5687
23098
32194
89547
72053
29566
56225
52677
36982
92492
9592
42572
25644
61731
52046
32441
18542
9627
76148
21728
51561
14167
24783
64998
60907
87271
33762
48877
81886
8321
45898
56097
92048
78821
32554
53751
20105
46735
53740
67152
15589
88157
78959
13698
14884
64558
67537
24542
90148
92868
43785
62882
68393
98711
8353
5752
8190
172
70080
88316
13513
27413
91354
56074
8790
75901
99573
88752
62830
64440
95380
44591
17848
4899
43762
74179
79417
9042
23209
56625
82189
51200
86822
72034
83194
70493
301
61513
17890
66243
70770
51214
45655
79495
45989
30694
41213
75374
56347
77592
38000
28317
71688
8157
95751
38454
55827
58486
87606
77788
745
83288
7010
27823
3347
57589
44757
15345
85897
91886
41407
50947
10572
37364
54174
19417
281
60021
11568
80663
56007
88978
88800
73506
68282
38604
88812
43474
96726
11221
21629
24501
22569
45931
8473
93532
17801
70289
62842
65988
12333
55723
90045
37696
9520
94056
62170
19944
67733
94038
58739
39705
18225
42310
1332
59164
3765
7984
19926
21420
1932
20900
99676
45341
96037
30360
9530
95477
86824
91831
25564
64448
2965
49969
23372
26848
37371
47525
29912
67243
23880
24569
80965
56111
18087
93541
86736
79819
11682
10995
66242
86925
20207
48226
94533
20334
20035
59791
57062
50152
36583
70375
86684
47342
17670
26885
62563
90157
4477
39305
60961
57501
83448
14185
60163
45578
95934
77383
51791
39572
38095
5004
52293
52018
91585
41873
56901
39729
25092
93608
25078
14681
97150
39128
84495
90036
19615
98087
37108
63321
1606
57821
69592
19686
77356
87785
31378
54100
1406
93560
97955
30109
41590
10148
8547
45086
81365
1699
52941
57080
87359
9281
75363
23697
5832
7167
82807
23204
17915
4408
30789
34585
90274
64045
66686
35550
80544
78833
41973
46085
88480
94963
47311
72701
30190
33256
61633
60652
54722
24631
46515
2241
54726
29088
76409
48012
72017
2258
9821
23403
26087
44490
49162
60267
14101
99917
33749
45211
4295
16972
77145
43274
19030
38216
95925
82316
91693
18853
55461
57248
51137
44173
46949
90397
35932
42992
71526
31547
68272
9919
82308
56622
2777
58725
97872
97294
81477
96973
89361
15102
21352
73009
92661
51574
87999
35268
2217
52848
69161
15106
89616
60520
29217
78203
62008
76207
74312
73913
54773
62041
95978
11201
76024
65585
99535
4498
10993
3149
79905
40075
55454
22364
11829
85769
20494
16667
12120
558
88694
48423
23831
81437
28655
86860
44907
66946
5003
29436
83871
67922
49788
50751
56352
13725
82232
9567
63808
302
63159
49957
22245
63882
28809
17814
46580
87133
31926
56300
42184
71086
53893
2070
17808
80829
19414
96343
51814
29691
36386
81899
87101
87410
71463
53008
15378
16519
11581
7320
48464
91908
9055
842
26890
11192
28859
45757
97086
74859
4420
17841
37349
37297
18793
91381
45119
56255
76814
77861
97426
60488
88831
90136
25272
44609
13948
41316
25083
51570
37373
44417
96790
69308
97948
27875
48077
43033
42728
41279
81131
7153
48364
24278
19487
86972
93962
27419
10555
74791
30985
66536
77955
64281
80306
85547
1975
27876
30878
21827
11764
16820
86946
58462
8356
88143
58319
53070
52798
41807
66779
13550
78341
84933
37748
92954
41861
67545
65007
25822
70266
56041
87661
19752
40147
12219
89435
41611
96437
14470
5926
8847
60805
19146
34568
73798
15177
15369
51228
15315
15651
65617
668
90345
26947
44881
15347
49709
66043
58298
69244
45367
38685
14365
37262
75582
39251
74398
55543
34395
76284
13554
55028
3491
58736
26532
89901
893
39701
54735
16635
79295
82174
99961
28257
82425
8188
66022
99988
51083
44978
99389
46724
32430
66429
16646
13961
36118
86033
6221
58632
67065
40255
52079
83809
45516
7646
11805
71021
11026
37274
15669
23087
49934
41310
39410
98939
37641
22429
25020
64083
67263
83569
71305
9757
38324
44773
28347
74715
10400
54209
61257
40540
30489
64864
95935
99629
89755
79826
61755
24266
24337
54630
75039
83651
1198
5335
75113
94004
29429
61097
60473
75410
22530
44654
67226
39595
9669
26392
33189
62780
52095
86063
23704
27382
93777
28565
60926
84487
21028
80401
86805
25212
15446
44379
13374
78519
90957
31091
14217
73592
27280
38702
74687
28059
99116
33935
70947
291
14471
51157
18887
92703
80447
77670
47630
61987
15172
7838
61923
29929
84302
84419
84937
21294
42466
57524
85232
91058
35784
1599
81865
61589
23134
96476
16355
13213
82582
33317
3458
96875
6757
67250
18418
20594
30904
85642
71759
69754
16117
98225
68225
85424
70288
62802
80924
8942
59290
76861
59099
65144
82571
92724
8970
69365
28421
94974
14163
97859
8354
44747
60641
27308
94605
41317
60416
24738
44813
63350
61216
13687
80571
73241
74587
84116
94461
87464
85362
20394
89891
10897
40918
21555
98330
61941
43656
27503
62998
32319
39798
34236
11058
37139
1325
8563
75744
70415
18827
89428
9363
51101
62593
51439
92991
54778
29380
46570
39902
14184
56664
66346
66857
25154
18939
66570
81907
49578
29804
9896
57569
43199
72886
58335
76778
8586
27517
87151
32071
42551
96409
68854
62016
93815
97958
35217
7813
60136
48518
62552
26384
52440
7091
5920
49437
52545
42031
16040
31833
76198
94208
27727
53959
4948
32776
48586
1446
62225
82196
29908
50536
5957
54137
5909
28483
52606
57662
52669
44421
91588
75794
23736
51796
12919
64589
74840
71
16304
7774
50614
73732
19090
70301
82210
25738
83905
71161
42882
7948
87885
19994
16957
5045
72015
88990
68815
66879
2400
24466
44333
51367
67392
44826
4833
89445
804
50548
89188
4257
21397
2638
32962
6321
66038
15711
88674
8767
64781
31588
1510
37518
11594
74444
6697
31586
4533
18072
91742
9697
64246
16367
26272
74546
89963
75922
26173
58121
21541
87406
16525
85965
28600
24356
40049
14570
47727
70421
83713
84053
22285
39514
43794
72110
73797
44784
46753
22782
47538
72127
96704
97300
2107
44472
95036
62088
88531
77185
94126
75106
79911
40254
12581
78794
44903
47085
4272
5175
45522
18963
7917
83456
30719
93719
14910
51169
37567
87169
92798
58978
40038
96269
63522
25086
903
35535
64060
91092
69439
57788
65769
10920
36707
13478
18848
59318
42645
26635
91107
71488
37325
64552
54851
84308
31178
86709
94044
44312
94983
19801
57238
54665
85286
60822
85972
88721
38782
46079
80625
33380
79928
6654
44860
24623
61782
15318
85013
72767
7466
19099
75465
13502
25374
57967
30777
42611
74168
85581
30032
14339
11003
79138
25331
20324
50797
69002
38390
10367
86772
71947
53963
53825
96249
63912
6869
19167
59203
28027
90403
41075
64087
29364
84285
51822
39309
50551
33938
58267
76840
88146
81381
34276
56427
36167
63822
48897
22061
83509
4464
61485
88915
72935
1516
75506
19658
47179
13210
32891
93097
94577
61966
70455
46654
85340
99853
46241
90337
36916
72801
84432
47774
58367
22985
63719
90536
33211
23155
17280
10561
19930
78588
51604
94870
33893
73257
85934
82117
88281
37182
47362
86528
96187
22918
92415
97386
91072
83115
33602
98381
83270
9519
76667
71438
70099
30041
36432
18446
76697
36397
66579
22442
43683
70868
75767
50613
89781
79489
38044
34907
16590
28339
14863
60117
46230
52899
60428
75138
89137
82743
28388
14606
43532
92000
8318
61575
92274
3582
50322
63694
63860
8735
458
28887
64978
37950
66763
50140
91282
93251
22249
20544
60564
84644
74469
60524
70690
35928
56783
86661
28774
93932
89158
33686
38102
86738
31519
12331
99539
22609
32746
90077
26796
28453
93934
65733
53745
36930
57944
918
40710
80041
32849
6331
47121
16724
57468
46766
74059
50846
1136
97674
97911
68478
22599
11281
98045
88204
67913
9027
79681
11848
45858
27863
62769
94609
89681
32930
96255
19317
22937
38197
14814
80901
50821
28545
90737
44399
11745
96122
63374
68540
4901
43655
58205
91458
54892
91016
5343
33255
6723
9796
59180
34163
31356
68718
80240
88802
84276
5351
54849
63559
96324
56849
10300
16795
20541
34181
5844
50860
986
16905
93841
76681
78907
25844
23131
13488
15087
81634
66677
66513
70489
96520
23169
14010
93731
45971
36221
12665
115
72280
29546
27541
40448
5621
97377
82267
4346
29939
40178
99621
68418
55310
1408
84720
29654
18649
8331
73866
53749
21392
91083
11672
59259
84995
51079
49183
80081
92356
99260
4450
15870
89783
17849
73753
95838
63436
63493
39973
18042
749
59937
60510
48632
18113
72470
51612
24490
40615
83794
85553
78698
35851
11526
697
9844
17745
39486
99410
59158
98908
32283
45236
12315
70269
26443
47222
89704
67333
51578
28791
92976
64245
25153
98696
85454
24544
25048
47306
44781
74181
8724
42752
95078
6529
82284
59947
92591
34464
14414
25910
8246
36955
34672
46351
54417
24853
94845
6023
14405
91654
45505
13914
9109
57899
7020
11110
63790
44534
96202
87828
97451
27711
46204
26564
78908
25740
64349
78060
99301
94488
37752
45135
15201
87683
63387
17054
53319
86392
57309
83749
36140
50341
7705
86521
61135
14438
91718
30090
78802
10446
90456
79875
70903
18657
80049
28642
27208
68817
82958
66204
77257
96462
40788
78139
99854
25540
54336
24778
41032
35152
32865
7464
63224
25412
3340
95836
52695
12997
84558
54917
80175
49829
18499
53951
11102
77696
4139
57587
90565
38656
69678
28170
22897
15970
71923
26767
99940
9473
85096
90253
22922
67005
60512
70617
39279
9488
97864
54960
64530
86269
97167
50234
21762
76130
56641
68123
70206
67897
43029
60370
40985
7546
6988
38979
34515
17854
55511
97828
67953
27043
34024
76583
52127
1290
3992
32831
67675
71125
46585
81666
5460
77598
73327
51790
70431
78375
7842
16052
14239
77452
59321
4889
76217
71793
30299
67815
68754
78126
6831
33246
84266
53126
84599
90923
41698
22626
82167
65712
46994
14895
27082
50292
46607
54381
44524
26281
53254
1200
25186
8782
45165
29404
34797
1552
87844
26906
68596
76585
67087
14058
3630
34789
80687
67548
73989
93897
45373
48565
37426
8888
21121
20376
91601
20338
14622
82218
86686
89545
47474
41553
76817
29349
14763
25384
34353
85477
39180
47101
82310
3444
83698
55671
47313
57855
11942
25788
26340
44165
56579
40566
88778
43673
73415
79447
99514
67957
29293
77719
10828
42244
89573
44331
6291
67405
13620
29643
88424
45270
283
29325
52483
68810
97709
44189
64107
99908
31443
25209
8937
91293
46536
34668
90615
55056
25732
10981
33496
58567
73331
91009
61796
12939
23989
9645
72043
98886
22420
49250
14450
80215
42754
12028
96788
7767
10560
71754
71072
66631
34978
89217
87268
67877
15376
95393
53894
98290
26163
48634
60248
70028
98717
62993
2403
30894
18512
44692
19156
7694
96020
76535
3984
45983
17059
91338
46777
69208
78870
33747
55884
84501
66543
12312
42892
5127
47231
57834
26581
333
780
3909
22466
73246
84701
32105
17097
41862
27427
41709
41459
23571
8100
53305
95295
1810
36081
78997
92263
664
23139
51924
97057
40230
45263
36785
79970
68458
23302
72361
55075
89741
60456
13219
75779
87497
42580
82263
70563
60235
1914
42192
8532
97215
518
55285
28357
48167
26416
425
81120
31771
31780
72204
76569
50717
47922
71055
63098
23912
76596
28424
45188
60181
9208
836
56789
20530
4547
720
41256
49045
67966
38215
69579
9007
1326
25535
84856
27736
78677
57196
59649
18664
12276
95451
446
97461
10244
43492
23955
69235
26554
16218
315
27930
6754
62984
62565
85717
65720
18027
11519
56010
69423
22314
99947
94913
15028
94323
65102
91602
64909
39763
1287
5839
24475
79793
75197
91627
52287
95271
33681
16217
31550
56498
92695
23595
7365
19663
4476
90607
69607
8769
61176
17830
78108
3475
51061
54479
88870
94463
49264
84700
98948
37572
3510
96807
18318
42673
2559
74322
77062
53236
43540
4120
50060
97473
48177
91247
96720
85830
97341
44067
88770
72791
43270
32057
98595
44876
31204
86962
23970
62651
22620
94681
83656
87251
83958
92250
33126
19286
40047
61007
26844
99694
82250
35801
56718
32505
7179
87127
59519
75600
41806
56678
13285
49852
46572
85695
93735
56805
2929
51714
3029
59143
78905
87578
81197
52358
78124
74223
88766
75964
93960
88100
94616
35757
38475
82458
21643
73609
14542
13127
14324
56919
74639
88572
35700
64417
72538
51757
13001
27380
28386
98873
56410
11428
22461
16102
13593
96824
25906
32250
52846
10393
47679
3599
85533
77260
97171
96507
66466
16864
38414
27333
75656
53871
32201
74600
5336
85051
58952
59495
63907
79027
9083
63038
83797
84759
72659
39579
72653
96299
13680
67708
15426
57146
86630
73332
30549
51282
55407
93439
4458
83421
41061
78445
2405
90572
96617
79376
79043
71499
6370
50569
88332
89412
43282
35897
81301
5139
70111
75605
98242
64591
51030
37713
22425
75701
5894
41874
75082
55816
75643
75297
25465
9203
85461
89788
83753
88426
89924
64102
77799
32591
60227
73631
26224
74798
84590
71712
43937
25754
20760
91127
89230
48536
51915
60020
24479
52805
38463
2517
22135
2969
77589
86320
70021
44586
41998
5903
56964
14882
59088
25059
63644
85238
97457
13600
70180
66719
19207
25208
69630
63380
84592
83909
5756
25206
45865
72717
67907
63128
15217
54433
21523
41498
20526
45993
68574
17438
89931
45074
79061
10044
11175
12257
1559
36667
84424
48667
90171
39867
38896
83112
56150
92935
2283
72068
62380
53602
424
85392
59293
63863
80352
40617
93136
59843
63632
63476
90527
72352
57592
47644
42200
28842
68432
72025
95911
83361
56645
13641
32202
21292
3880
56918
47114
79840
61334
32705
24268
72850
2759
17284
51850
58095
54003
