34
40
41
62
67
71
75
82
94
99
101
115
122
140
157
172
183
212
225
248
264
269
281
283
291
301
302
311
315
333
334
337
344
349
368
392
417
424
425
434
444
446
458
461
483
488
513
515
518
521
522
523
546
558
567
569
570
587
588
613
642
664
668
669
680
685
697
710
714
719
720
724
726
736
743
745
748
749
750
777
780
787
795
796
804
806
813
819
820
832
836
842
888
893
894
902
903
915
918
935
972
986
987
995
1003
1011
1014
1015
1017
1031
1069
1070
1087
1094
1100
1115
1127
1128
1133
1136
1140
1144
1186
1190
1198
1200
1211
1236
1244
1251
1271
1287
1290
1310
1325
1326
1329
1330
1332
1338
1352
1360
1364
1365
1376
1391
1394
1404
1406
1408
1410
1413
1414
1446
1458
1461
1510
1516
1552
1557
1559
1560
1562
1570
1579
1599
1606
1611
1619
1634
1672
1685
1696
1699
1700
1704
1707
1711
1728
1739
1747
1775
1783
1810
1814
1819
1822
1837
1841
1844
1861
1871
1872
1876
1894
1906
1914
1932
1949
1964
1968
1969
1975
1986
1994
2008
2025
2046
2056
2070
2088
2107
2178
2185
2187
2217
2228
2241
2252
2256
2258
2271
2278
2283
2332
2334
2352
2366
2385
2400
2401
2403
2405
2409
2435
2458
2464
2482
2486
2509
2517
2558
2559
2579
2581
2585
2597
2601
2611
2625
2634
2638
2649
2659
2664
2673
2674
2675
2683
2686
2698
2703
2707
2717
2741
2752
2759
2764
2777
2794
2808
2814
2826
2849
2850
2866
2885
2913
2920
2929
2946
2956
2965
2969
2989
3013
3029
3053
3080
3149
3151
3185
3191
3194
3218
3234
3242
3245
3256
3274
3278
3281
3307
3340
3341
3342
3347
3357
3372
3382
3386
3393
3395
3401
3409
3419
3444
3447
3449
3452
3458
3464
3472
3475
3491
3510
3512
3513
3531
3550
3553
3572
3576
3579
3582
3584
3594
3599
3618
3630
3639
3645
3655
3657
3662
3667
3680
3684
3718
3721
3727
3739
3747
3754
3758
3765
3777
3779
3780
3794
3828
3829
3843
3880
3909
3925
3932
3952
3958
3968
3984
3992
3997
4001
4017
4047
4048
4054
4060
4071
4072
4092
4103
4120
4122
4123
4130
4139
4145
4170
4192
4194
4211
4233
4234
4238
4257
4272
4273
4274
4276
4295
4311
4315
4322
4342
4346
4353
4368
4373
4375
4400
4408
4412
4420
4423
4435
4437
4450
4458
4464
4476
4477
4487
4498
4505
4517
4533
4540
4546
4547
4552
4556
4600
4667
4668
4676
4684
4696
4713
4725
4727
4734
4741
4756
4764
4772
4801
4812
4816
4833
4841
4846
4884
4888
4889
4891
4899
4901
4948
4979
4991
5003
5004
5013
5015
5034
5035
5045
5059
5067
5078
5081
5121
5127
5134
5139
5143
5159
5174
5175
5179
5186
5191
5199
5201
5229
5230
5250
5268
5276
5294
5296
5302
5315
5335
5336
5343
5344
5351
5352
5400
5414
5418
5431
5433
5449
5451
5460
5466
5482
5488
5489
5496
5517
5526
5530
5534
5574
5603
5605
5611
5621
5622
5641
5643
5657
5676
5687
5694
5697
5703
5704
5708
5726
5728
5745
5749
5752
5753
5756
5775
5832
5839
5844
5850
5877
5884
5894
5903
5909
5914
5917
5920
5926
5941
5946
5957
5970
5972
5975
5992
5995
6001
6003
6013
6023
6029
6049
6053
6062
6076
6083
6090
6093
6094
6095
6100
6107
6110
6112
6151
6156
6157
6161
6166
6175
6185
6198
6212
6221
6247
6256
6259
6260
6291
6300
6306
6311
6321
6331
6339
6345
6346
6347
6348
6358
6369
6370
6381
6402
6404
6405
6406
6435
6437
6462
6503
6529
6540
6550
6561
6563
6568
6594
6596
6602
6607
6622
6624
6627
6651
6654
6659
6662
6663
6685
6694
6697
6713
6723
6725
6731
6754
6757
6787
6821
6828
6831
6834
6842
6852
6869
6875
6880
6885
6901
6916
6946
6957
6958
6978
6981
6988
7003
7004
7010
7020
7028
7029
7056
7079
7080
7083
7089
7091
7116
7117
7128
7134
7136
7140
7153
7162
7167
7168
7175
7177
7179
7183
7189
7191
7198
7229
7242
7254
7284
7296
7319
7320
7322
7337
7342
7343
7352
7363
7365
7374
7381
7383
7399
7406
7410
7456
7464
7466
7471
7475
7484
7487
7491
7504
7512
7517
7546
7551
7553
7555
7570
7573
7578
7580
7582
7588
7594
7609
7646
7694
7703
7704
7705
7712
7728
7739
7743
7745
7767
7774
7796
7813
7820
7825
7833
7838
7842
7855
7862
7868
7887
7905
7917
7925
7927
7939
7948
7963
7981
7984
7991
8009
8022
8027
8028
8040
8041
8046
8090
8091
8100
8102
8120
8141
8157
8188
8190
8210
8213
8228
8244
8246
8248
8250
8279
8281
8288
8303
8304
8306
8307
8309
8312
8318
8321
8328
8331
8333
8349
8352
8353
8354
8356
8359
8384
8386
8407
8421
8433
8452
8463
8473
8484
8502
8532
8533
8547
8563
8586
8604
8608
8620
8650
8663
8679
8687
8701
8707
8716
8724
8735
8749
8767
8769
8771
8782
8786
8790
8795
8836
8846
8847
8876
8880
8888
8932
8937
8942
8943
8961
8963
8970
8980
9007
9027
9038
9042
9043
9055
9060
9083
9109
9121
9122
9133
9142
9155
9164
9167
9182
9195
9203
9205
9208
9260
9281
9282
9299
9314
9318
9345
9360
9363
9368
9374
9380
9387
9410
9412
9413
9428
9431
9438
9449
9454
9463
9470
9473
9488
9502
9505
9511
9516
9519
9520
9526
9530
9531
9542
9557
9566
9567
9591
9592
9602
9603
9615
9617
9624
9627
9630
9641
9645
9653
9669
9683
9685
9697
9713
9734
9741
9746
9757
9766
9773
9796
9798
9818
9821
9838
9844
9857
9865
9871
9875
9887
9896
9908
9915
9919
9925
9928
9932
9937
9949
9989
9996
10024
10044
10045
10052
10055
10064
10072
10105
10110
10146
10148
10156
10159
10164
10170
10195
10234
10242
10244
10282
10283
10296
10300
10303
10308
10316
10328
10340
10357
10358
10367
10379
10392
10393
10400
10413
10436
10446
10450
10454
10486
10495
10520
10534
10547
10555
10560
10561
10572
10593
10594
10601
10627
10630
10670
10676
10708
10715
10731
10735
10749
10763
10776
10789
10795
10807
10818
10823
10828
10839
10854
10855
10857
10863
10887
10897
10899
10900
10907
10920
10927
10935
10937
10942
10948
10955
10959
10967
10972
10975
10981
10993
10995
11003
11019
11020
11026
11049
11058
11060
11081
11088
11102
11110
11130
11132
11139
11146
11151
11175
11183
11192
11195
11201
11221
11256
11281
11302
11303
11320
11344
11353
11376
11388
11405
11413
11415
11428
11437
11472
11512
11519
11520
11526
11536
11550
11552
11556
11566
11568
11581
11594
11599
11600
11603
11607
11649
11654
11672
11675
11682
11687
11704
11714
11720
11730
11731
11733
11745
11747
11764
11774
11776
11786
11788
11792
11805
11815
11821
11829
11833
11848
11868
11893
11897
11919
11942
11952
11971
11981
11988
11994
11997
12020
12028
12033
12041
12053
12064
12080
12085
12120
12126
12137
12153
12166
12193
12199
12204
12207
12211
12215
12219
12240
12257
12271
12276
12297
12312
12315
12321
12331
12333
12342
12350
12369
12375
12385
12399
12407
12412
12466
12472
12474
12484
12492
12507
12508
12527
12530
12540
12544
12547
12562
12564
12573
12576
12581
12582
12590
12611
12617
12618
12622
12624
12652
12658
12665
12680
12689
12696
12700
12701
12707
12710
12712
12723
12726
12735
12736
12756
12761
12766
12770
12793
12801
12804
12807
12836
12845
12846
12851
12880
12887
12888
12895
12910
12919
12939
12948
12962
12990
12997
13001
13002
13007
13010
13027
13045
13055
13067
13073
13081
13096
13099
13112
13125
13127
13136
13138
13156
13160
13170
13176
13190
13198
13208
13210
13212
13213
13219
13220
13225
13228
13255
13257
13263
13271
13285
13289
13290
13300
13311
13329
13332
13343
13360
13361
13363
13374
13385
13389
13408
13422
13427
13429
13440
13448
13465
13478
13479
13480
13481
13488
13502
13509
13513
13515
13519
13523
13530
13532
13548
13550
13551
13554
13562
13563
13573
13574
13593
13598
13600
13620
13624
13627
13630
13632
13641
13644
13652
13656
13662
13669
13680
13687
13698
13701
13705
13725
13738
13744
13745
13747
13748
13783
13785
13797
13804
13823
13825
13830
13834
13857
13861
13878
13893
13914
13928
13948
13951
13952
13961
13963
13989
14010
14025
14026
14036
14055
14058
14072
14075
14101
14113
14125
14133
14141
14163
14167
14168
14184
14185
14190
14198
14217
14230
14237
14239
14242
14247
14257
14258
14312
14324
14328
14331
14336
14339
14342
14348
14364
14365
14380
14382
14383
14395
14398
14405
14412
14414
14426
14438
14450
14451
14469
14470
14471
14475
14480
14500
14533
14540
14541
14542
14544
14551
14562
14569
14570
14578
14581
14598
14602
14605
14606
14610
14613
14619
14622
14637
14662
14681
14691
14717
14719
14720
14723
14725
14727
14753
14763
14770
14786
14800
14804
14808
14814
14831
14835
14855
14858
14859
14863
14867
14876
14882
14884
14886
14887
14888
14890
14895
14904
14909
14910
14911
14933
14966
14979
15008
15011
15018
15028
15029
15041
15042
15050
15057
15065
15072
15075
15087
15091
15094
15097
15102
15106
15142
15144
15147
15157
15165
15172
15177
15201
15217
15235
15256
15266
15293
15297
15315
15318
15319
15324
15345
15347
15357
15365
15369
15376
15378
15382
15401
15426
15442
15446
15460
15464
15473
15482
15484
15486
15515
15518
15525
15547
15589
15601
15605
15607
15610
15617
15624
15625
15651
15669
15675
15681
15699
15711
15712
15719
15737
15748
15749
15751
15760
15790
15798
15823
15829
15838
15843
15868
15870
15883
15890
15920
15931
15941
15948
15956
15963
15970
15983
16027
16040
16045
16052
16061
16066
16093
16096
16102
16110
16117
16118
16136
16139
16147
16149
16191
16201
16217
16218
16237
16241
16244
16271
16276
16277
16304
16308
16336
16340
16355
16358
16366
16367
16369
16372
16386
16395
16427
16438
16441
16451
16465
16471
16476
16499
16519
16525
16527
16537
16538
16545
16549
16567
16590
16597
16622
16635
16644
16646
16649
16667
16686
16695
16702
16716
16719
16724
16728
16735
16747
16770
16795
16801
16804
16805
16806
16808
16811
16818
16819
16820
16824
16848
16850
16857
16864
16866
16868
16887
16905
16914
16928
16930
16936
16948
16957
16972
16978
16979
17002
17007
17010
17020
17024
17026
17035
17045
17046
17047
17054
17059
17086
17097
17100
17103
17106
17112
17114
17117
17134
17145
17188
17202
17232
17237
17240
17278
17280
17283
17284
17289
17292
17295
17311
17345
17348
17353
17357
17363
17387
17400
17414
17432
17438
17482
17492
17495
17497
17501
17504
17521
17525
17545
17546
17547
17558
17566
17600
17607
17654
17670
17679
17681
17701
17710
17712
17745
17756
17758
17759
17768
17769
17774
17775
17783
17791
17801
17808
17809
17814
17827
17830
17837
17840
17841
17848
17849
17854
17890
17915
17931
17953
17969
17971
17991
17992
18010
18025
18027
18035
18036
18040
18042
18057
18072
18075
18085
18087
18095
18113
18131
18138
18143
18155
18157
18165
18166
18170
18178
18190
18198
18199
18204
18209
18210
18224
18225
18241
18259
18277
18295
18318
18335
18375
18382
18397
18405
18407
18418
18428
18433
18439
18446
18469
18473
18496
18498
18499
18500
18505
18507
18511
18512
18513
18523
18527
18531
18540
18542
18550
18576
18599
18614
18617
18618
18620
18622
18644
18649
18657
18661
18662
18664
18669
18687
18703
18709
18723
18740
18749
18754
18758
18762
18775
18783
18793
18811
18820
18821
18824
18827
18834
18848
18850
18853
18863
18877
18880
18887
18892
18900
18917
18923
18932
18939
18940
18955
18963
18968
19002
19030
19033
19035
19036
19065
19067
19072
19082
19085
19090
19099
19105
19119
19120
19128
19146
19156
19158
19167
19170
19173
19197
19198
19207
19212
19270
19285
19286
19293
19307
19309
19317
19323
19326
19337
19338
19350
19352
19367
19368
19373
19414
19416
19417
19441
19446
19453
19487
19520
19530
19540
19543
19546
19573
19583
19601
19615
19626
19629
19638
19645
19658
19661
19663
19686
19704
19722
19733
19742
19752
19801
19825
19835
19842
19845
19852
19858
19860
19866
19868
19890
19894
19926
19930
19944
19963
19964
19973
19984
19993
19994
19996
20003
20011
20029
20035
20036
20086
20105
20109
20113
20123
20136
20153
20155
20161
20164
20180
20183
20186
20187
20207
20213
20215
20226
20240
20242
20248
20252
20253
20259
20275
20287
20298
20308
20324
20334
20338
20350
20357
20370
20376
20378
20390
20394
20399
20401
20417
20438
20452
20453
20462
20478
20494
20501
20507
20516
20526
20530
20541
20544
20552
20571
20572
20578
20586
20594
20613
20639
20641
20644
20654
20662
20690
20699
20700
20701
20703
20714
20730
20760
20762
20765
20811
20835
20841
20847
20864
20871
20875
20886
20887
20900
20911
20921
20928
20932
20960
20962
20968
20972
20973
20974
20980
20996
21001
21016
21028
21035
21041
21042
21044
21053
21063
21065
21072
21087
21090
21116
21121
21126
21142
21152
21153
21156
21167
21185
21186
21190
21194
21201
21204
21210
21228
21273
21289
21292
21293
21294
21295
21321
21324
21326
21330
21337
21339
21341
21352
21353
21358
21371
21378
21379
21389
21392
21395
21397
21413
21416
21420
21426
21439
21471
21480
21485
21487
21491
21511
21522
21523
21529
21531
21539
21541
21543
21544
21546
21552
21555
21574
21594
21600
21629
21640
21643
21663
21669
21674
21675
21696
21708
21711
21712
21728
21736
21737
21742
21748
21756
21762
21763
21780
21797
21827
21832
21848
21852
21890
21897
21916
21931
21955
21966
22009
22010
22021
22039
22061
22063
22064
22078
22079
22086
22099
22131
22135
22159
22161
22162
22183
22189
22195
22245
22249
22272
22279
22283
22284
22285
22290
22301
22303
22314
22319
22324
22333
22338
22340
22357
22364
22365
22367
22377
22413
22420
22425
22429
22442
22455
22459
22460
22461
22466
22467
22469
22474
22490
22508
22530
22542
22560
22565
22568
22569
22581
22584
22590
22599
22601
22609
22620
22621
22626
22647
22666
22671
22672
22688
22696
22700
22704
22707
22716
22726
22728
22733
22761
22782
22825
22828
22831
22854
22858
22892
22897
22911
22918
22922
22935
22937
22954
22964
22985
22995
23015
23021
23025
23033
23038
23039
23050
23052
23053
23087
23098
23101
23121
23124
23126
23128
23131
23132
23134
23139
23155
23158
23169
23176
23185
23193
23195
23204
23206
23209
23277
23288
23302
23306
23319
23355
23360
23367
23372
23378
23391
23395
23403
23404
23432
23437
23446
23457
23480
23488
23491
23521
23545
23557
23571
23579
23592
23595
23597
23612
23635
23643
23677
23691
23697
23704
23711
23724
23734
23736
23745
23768
23796
23802
23803
23805
23807
23809
23831
23833
23847
23860
23874
23877
23879
23880
23885
23889
23909
23912
23921
23946
23955
23966
23968
23970
23978
23986
23989
23997
24014
24023
24047
24053
24084
24086
24088
24096
24098
24117
24122
24136
24137
24139
24147
24148
24166
24186
24220
24232
24251
24266
24268
24271
24272
24276
24278
24283
24317
24318
24319
24331
24337
24339
24355
24356
24433
24435
24439
24450
24456
24459
24466
24471
24473
24475
24479
24490
24496
24501
24510
24511
24513
24522
24542
24543
24544
24552
24557
24559
24569
24571
24576
24581
24584
24586
24589
24599
24602
24620
24623
24627
24631
24639
24656
24667
24677
24692
24695
24701
24717
24738
24770
24775
24778
24783
24791
24797
24801
24802
24805
24837
24840
24846
24850
24853
24856
24863
24874
24878
24907
24917
24934
24946
24958
25003
25006
25010
25018
25020
25048
25059
25073
25078
25083
25086
25087
25092
25094
25138
25144
25152
25153
25154
25180
25186
25192
25200
25206
25208
25209
25212
25239
25261
25267
25272
25273
25276
25328
25331
25336
25351
25352
25363
25374
25384
25392
25407
25412
25435
25450
25451
25454
25456
25465
25475
25484
25486
25492
25535
25540
25541
25542
25548
25555
25564
25582
25622
25628
25632
25637
25644
25654
25683
25687
25691
25702
25704
25732
25738
25740
25747
25750
25754
25763
25765
25769
25779
25788
25804
25807
25822
25844
25845
25852
25854
25856
25863
25865
25866
25906
25910
25924
25927
25933
25937
25940
25960
25966
25995
26022
26038
26040
26051
26056
26076
26087
26105
26126
26138
26141
26143
26151
26163
26173
26176
26179
26203
26205
26224
26229
26236
26238
26240
26257
26264
26266
26270
26271
26272
26281
26282
26285
26289
26304
26313
26314
26336
26340
26342
26344
26346
26358
26377
26378
26382
26384
26391
26392
26405
26415
26416
26418
26430
26443
26450
26454
26475
26507
26522
26532
26554
26564
26567
26572
26576
26581
26597
26612
26618
26627
26630
26635
26640
26641
26644
26650
26651
26660
26666
26675
26676
26744
26753
26767
26771
26794
26796
26811
26844
26848
26850
26852
26871
26878
26882
26885
26888
26890
26892
26906
26917
26947
26966
26975
26999
27002
27005
27008
27017
27041
27043
27071
27079
27081
27082
27105
27107
27121
27125
27128
27139
27152
27164
27173
27208
27222
27225
27253
27259
27276
27280
27285
27291
27308
27311
27325
27326
27333
27336
27337
27359
27373
27380
27382
27384
27387
27398
27413
27419
27420
27421
27424
27427
27434
27445
27457
27465
27489
27497
27503
27517
27528
27529
27539
27541
27553
27560
27578
27615
27618
27627
27630
27660
27663
27672
27673
27678
27682
27706
27711
27713
27714
27722
27727
27733
27736
27762
27768
27769
27772
27780
27781
27785
27786
27789
27808
27823
27836
27842
27851
27863
27875
27876
27886
27898
27904
27909
27916
27923
27930
27941
27953
27984
27991
28002
28004
28005
28007
28015
28020
28027
28028
28036
28059
28080
28081
28104
28135
28137
28142
28156
28165
28167
28170
28180
28189
28210
28214
28217
28220
28221
28242
28252
28257
28261
28264
28266
28281
28286
28292
28317
28333
28339
28347
28357
28358
28359
28360
28376
28386
28388
28403
28411
28417
28418
28421
28424
28435
28450
28451
28453
28456
28460
28474
28475
28483
28484
28488
28495
28502
28510
28516
28522
28523
28545
28548
28564
28565
28568
28579
28597
28599
28600
28603
28610
28613
28636
28642
28645
28655
28680
28703
28704
28706
28707
28709
28712
28719
28745
28746
28748
28774
28776
28785
28791
28797
28799
28801
28803
28809
28833
28842
28844
28855
28859
28860
28887
28908
28911
28918
28945
28995
29020
29021
29037
29038
29051
29062
29078
29081
29088
29096
29112
29122
29126
29141
29142
29153
29158
29165
29188
29212
29217
29223
29260
29261
29267
29268
29269
29277
29293
29310
29314
29325
29336
29343
29349
29352
29364
29380
29396
29404
29407
29420
29422
29429
29432
29436
29448
29463
29468
29480
29486
29490
29494
29508
29511
29517
29529
29546
29566
29574
29589
29595
29604
29631
29643
29653
29654
29676
29691
29697
29737
29753
29788
29804
29817
29825
29828
29833
29835
29839
29842
29844
29849
29866
29868
29869
29880
29908
29909
29912
29929
29930
29933
29938
29939
29943
29969
29981
29994
30019
30032
30041
30048
30068
30076
30090
30104
30109
30125
30148
30155
30166
30181
30187
30190
30193
30209
30213
30218
30262
30279
30289
30299
30308
30332
30336
30360
30362
30365
30377
30380
30384
30385
30386
30400
30419
30421
30427
30428
30440
30443
30453
30469
30470
30489
30490
30491
30496
30546
30549
30556
30558
30561
30607
30622
30626
30634
30642
30654
30672
30689
30694
30695
30716
30719
30731
30735
30736
30743
30754
30777
30789
30795
30801
30814
30818
30825
30852
30855
30858
30862
30865
30872
30876
30878
30879
30894
30904
30913
30923
30927
30932
30945
30953
30954
30964
30984
30985
31014
31019
31037
31049
31055
31077
31080
31091
31094
31110
31113
31130
31134
31164
31174
31178
31183
31184
31196
31203
31204
31216
31224
31245
31246
31249
31252
31299
31310
31339
31344
31354
31356
31365
31378
31388
31394
31408
31425
31427
31432
31443
31457
31466
31469
31482
31488
31490
31492
31500
31506
31519
31530
31547
31550
31554
31566
31576
31585
31586
31588
31589
31603
31614
31623
31631
31632
31634
31671
31675
31685
31694
31696
31722
31730
31741
31755
31756
31765
31771
31777
31780
31784
31787
31790
31815
31828
31833
31849
31861
31872
31905
31913
31922
31926
31929
31944
31989
31993
31999
32003
32015
32029
32057
32070
32071
32090
32100
32105
32113
32114
32125
32127
32129
32143
32167
32194
32200
32201
32202
32203
32205
32221
32250
32252
32265
32271
32283
32291
32304
32308
32319
32356
32375
32386
32387
32391
32396
32430
32441
32448
32457
32460
32492
32497
32500
32505
32506
32511
32522
32541
32543
32554
32570
32575
32587
32588
32591
32602
32614
32621
32626
32637
32639
32659
32665
32666
32692
32695
32705
32720
32729
32737
32744
32746
32756
32757
32776
32801
32807
32826
32831
32840
32849
32854
32862
32865
32891
32905
32915
32919
32929
32930
32939
32948
32959
32962
32986
33011
33025
33050
33056
33115
33121
33122
33126
33134
33143
33164
33189
33211
33219
33223
33246
33255
33256
33258
33259
33302
33304
33305
33310
33313
33317
33324
33367
33370
33372
33380
33384
33395
33414
33422
33425
33436
33439
33447
33450
33474
33496
33514
33517
33524
33529
33565
33570
33573
33574
33577
33591
33602
33609
33619
33625
33640
33643
33660
33674
33677
33678
33681
33686
33691
33739
33741
33747
33749
33757
33762
33769
33772
33776
33797
33818
33854
33877
33881
33892
33893
33906
33921
33932
33935
33938
33945
33952
33961
33969
33988
34023
34024
34038
34047
34098
34109
34129
34139
34149
34150
34158
34163
34181
34194
34199
34204
34205
34219
34227
34236
34238
34264
34265
34276
34294
34296
34300
34301
34303
34307
34319
34325
34341
34348
34353
34355
34370
34395
34398
34399
34406
34412
34421
34444
34464
34474
34476
34502
34515
34516
34531
34539
34541
34550
34551
34555
34568
34580
34584
34585
34593
34621
34626
34636
34638
34647
34655
34668
34672
34688
34733
34736
34747
34752
34761
34784
34789
34797
34798
34822
34836
34842
34849
34859
34861
34868
34872
34878
34895
34907
34915
34917
34926
34978
35003
35014
35019
35022
35027
35041
35049
35058
35075
35078
35090
35103
35106
35108
35117
35145
35152
35153
35155
35157
35158
35172
35180
35197
35202
35210
35217
35222
35228
35238
35255
35259
35268
35278
35295
35329
35347
35352
35353
35374
35386
35388
35393
35409
35417
35423
35429
35431
35455
35461
35472
35487
35494
35517
35535
35549
35550
35562
35563
35564
35567
35586
35587
35602
35606
35618
35633
35662
35668
35675
35680
35683
35685
35700
35751
35757
35765
35770
35781
35784
35789
35796
35801
35820
35827
35836
35851
35867
35874
35897
35909
35928
35930
35932
35935
35938
35940
35944
35947
35963
35967
35982
35992
36013
36019
36023
36039
36064
36069
36080
36081
36095
36101
36118
36140
36144
36158
36167
36176
36194
36202
36208
36210
36216
36221
36226
36235
36241
36252
36254
36271
36279
36283
36285
36289
36290
36300
36311
36314
36323
36328
36329
36342
36353
36358
36361
36367
36377
36386
36391
36397
36398
36409
36411
36422
36432
36433
36436
36441
36451
36464
36474
36493
36524
36542
36555
36573
36583
36595
36598
36635
36636
36638
36648
36652
36667
36674
36675
36681
36691
36698
36707
36727
36755
36771
36778
36785
36800
36815
36821
36838
36851
36855
36862
36896
36898
36902
36907
36915
36916
36921
36928
36930
36941
36955
36969
36973
36982
36984
36991
36992
37007
37025
37042
37057
37068
37087
37108
37110
37139
37148
37156
37165
37177
37182
37187
37207
37208
37212
37230
37258
37262
37274
37292
37297
37304
37324
37325
37331
37349
37364
37371
37373
37376
37386
37395
37403
37405
37409
37412
37423
37426
37458
37463
37464
37482
37484
37494
37518
37525
37542
37562
37567
37572
37577
37583
37585
37610
37627
37641
37643
37657
37666
37677
37688
37696
37704
37711
37713
37748
37752
37753
37774
37810
37815
37825
37831
37835
37836
37855
37857
37863
37868
37872
37886
37892
37895
37908
37909
37910
37916
37917
37926
37931
37932
37934
37950
37960
37972
37982
37992
38000
38017
38019
38044
38046
38050
38092
38095
38102
38113
38125
38127
38134
38138
38139
38141
38169
38186
38194
38197
38204
38209
38215
38216
38223
38264
38270
38284
38309
38311
38315
38317
38320
38323
38324
38350
38355
38367
38368
38369
38371
38390
38393
38403
38409
38411
38414
38415
38423
38424
38437
38444
38454
38463
38475
38491
38506
38509
38540
38556
38564
38567
38580
38583
38595
38604
38608
38611
38615
38625
38635
38640
38643
38653
38656
38659
38685
38702
38704
38713
38724
38733
38753
38757
38779
38782
38793
38821
38823
38842
38849
38856
38874
38886
38896
38907
38929
38938
38940
38945
38951
38952
38968
38977
38979
38998
38999
39015
39025
39026
39046
39058
39075
39100
39103
39105
39117
39128
39137
39139
39142
39146
39151
39176
39180
39189
39209
39239
39243
39247
39251
39252
39279
39286
39297
39305
39309
39360
39386
39410
39431
39439
39463
39477
39486
39487
39492
39514
39527
39544
39546
39569
39572
39575
39579
39595
39597
39621
39626
39633
39640
39645
39677
39683
39701
39703
39705
39728
39729
39747
39763
39772
39773
39798
39838
39841
39846
39867
39870
39880
39881
39887
39891
39902
39908
39909
39917
39920
39926
39939
39943
39952
39961
39965
39973
39981
39989
39998
39999
40000
40017
40030
40032
40038
40039
40043
40047
40048
40049
40051
40056
40070
40075
40094
40100
40107
40116
40118
40129
40130
40137
40138
40146
40147
40178
40188
40201
40202
40207
40208
40228
40230
40242
40243
40246
40254
40255
40280
40292
40296
40316
40317
40319
40351
40373
40374
40381
40413
40426
40448
40460
40488
40490
40507
40530
40540
40566
40580
40593
40594
40615
40617
40627
40639
40682
40685
40693
40696
40710
40717
40737
40765
40768
40788
40806
40807
40812
40814
40832
40847
40896
40918
40932
40934
40953
40962
40963
40969
40978
40985
40994
40995
41000
41011
41020
41032
41061
41074
41075
41079
41099
41102
41114
41130
41164
41173
41177
41190
41199
41213
41235
41239
41256
41257
41263
41265
41268
41279
41282
41283
41288
41303
41310
41315
41316
41317
41322
41349
41368
41380
41394
41397
41401
41407
41419
41428
41443
41459
41464
41492
41498
41547
41553
41560
41565
41575
41579
41590
41611
41616
41617
41642
41660
41685
41686
41698
41699
41700
41702
41706
41709
41725
41729
41751
41758
41766
41779
41801
41805
41806
41807
41818
41820
41832
41842
41856
41861
41862
41863
41866
41873
41874
41878
41881
41887
41890
41901
41903
41904
41915
41938
41948
41966
41973
41985
41987
41998
42003
42011
42030
42031
42049
42054
42064
42071
42104
42108
42122
42132
42137
42155
42180
42184
42192
42194
42200
42230
42231
42244
42259
42293
42310
42326
42352
42392
42404
42416
42451
42466
42471
42476
42480
42481
42485
42495
42498
42507
42513
42516
42520
42525
42539
42551
42572
42580
42583
42591
42611
42614
42640
42645
42673
42688
42708
42709
42717
42720
42728
42738
42740
42752
42754
42768
42773
42776
42781
42795
42807
42811
42815
42825
42846
42865
42866
42872
42882
42891
42892
42906
42914
42958
42959
42966
42969
42970
42979
42980
42990
42992
42994
43002
43025
43028
43029
43033
43035
43048
43077
43084
43089
43095
43121
43122
43133
43156
43157
43170
43173
43177
43179
43186
43199
43205
43210
43243
43253
43270
43274
43282
43291
43326
43335
43390
43391
43395
43421
43430
43435
43440
43444
43445
43450
43455
43456
43474
43492
43493
43500
43521
43523
43532
43540
43557
43561
43593
43606
43616
43636
43646
43649
43655
43656
43659
43666
43673
43682
43683
43693
43703
43717
43728
43733
43738
43762
43772
43778
43785
43794
43796
43813
43820
43824
43866
43870
43888
43895
43903
43907
43931
43937
43943
43961
43966
43991
43995
44006
44018
44033
44041
44048
44060
44064
44067
44073
44100
44101
44128
44152
44165
44171
44173
44175
44189
44193
44209
44211
44226
44245
44268
44270
44294
44297
44312
44331
44333
44346
44354
44370
44371
44379
44393
44399
44407
44408
44417
44418
44421
44427
44428
44450
44469
44472
44477
44490
44496
44524
44533
44534
44536
44537
44557
44579
44586
44591
44602
44609
44611
44636
44654
44660
44667
44668
44673
44674
44676
44682
44692
44697
44720
44721
44732
44738
44747
44757
44765
44773
44781
44784
44794
44813
44826
44842
44860
44863
44866
44876
44881
44897
44899
44903
44907
44922
44937
44945
44978
44993
44995
45017
45024
45037
45038
45074
45086
45101
45119
45121
45129
45131
45134
45135
45141
45142
45161
45165
45169
45171
45188
45200
45211
45217
45226
45228
45236
45242
45259
45263
45268
45270
45307
45314
45334
45341
45356
45361
45367
45368
45373
45374
45396
45404
45424
45437
45444
45466
45486
45488
45500
45504
45505
45516
45522
45525
45530
45536
45538
45568
45578
45583
45585
45595
45598
45609
45617
45621
45630
45631
45646
45655
45668
45673
45702
45757
45802
45813
45841
45848
45850
45858
45865
45871
45898
45915
45931
45966
45970
45971
45979
45983
45987
45989
45993
46002
46003
46033
46036
46057
46065
46079
46085
46098
46117
46135
46155
46196
46204
46205
46215
46220
46230
46241
46252
46262
46267
46274
46290
46310
46331
46337
46342
46351
46352
46359
46364
46373
46378
46380
46381
46382
46384
46445
46446
46451
46464
46466
46467
46480
46483
46487
46492
46495
46515
46516
46525
46527
46536
46539
46547
46553
46558
46570
46572
46580
46585
46590
46607
46609
46623
46627
46629
46654
46670
46672
46676
46681
46684
46702
46706
46724
46726
46735
46739
46753
46766
46777
46780
46782
46787
46791
46818
46829
46841
46846
46852
46857
46894
46895
46900
46918
46929
46935
46943
46946
46949
46994
46996
47001
47002
47018
47025
47026
47035
47049
47078
47085
47093
47094
47101
47113
47114
47121
47123
47135
47139
47145
47147
47160
47174
47179
47188
47190
47218
47222
47230
47231
47254
47260
47261
47263
47272
47283
47306
47311
47313
47319
47327
47341
47342
47343
47354
47362
47368
47386
47390
47396
47399
47402
47407
47420
47422
47425
47448
47459
47462
47466
47474
47476
47478
47480
47505
47508
47519
47524
47525
47538
47558
47560
47567
47569
47571
47583
47584
47630
47644
47665
47666
47668
47669
47679
47699
47727
47748
47771
47774
47821
47835
47843
47855
47856
47869
47873
47879
47911
47922
47962
47963
48000
48012
48016
48031
48045
48067
48074
48077
48097
48101
48105
48107
48110
48111
48126
48135
48145
48153
48154
48155
48163
48166
48167
48177
48191
48211
48226
48265
48275
48326
48330
48331
48333
48336
48337
48352
48355
48356
48364
48375
48407
48415
48422
48423
48429
48433
48434
48443
48452
48464
48479
48497
48499
48514
48518
48536
48539
48546
48561
48565
48585
48586
48607
48614
48617
48618
48632
48634
48654
48655
48666
48667
48677
48681
48684
48689
48692
48698
48702
48728
48733
48737
48770
48777
48823
48863
48876
48877
48880
48883
48884
48897
48923
48955
48963
48984
48986
49018
49022
49042
49045
49055
49065
49090
49116
49124
49127
49141
49162
49183
49184
49188
49190
49192
49198
49210
49250
49264
49278
49286
49288
49302
49316
49317
49333
49348
49363
49370
49372
49376
49411
49425
49427
49437
49440
49453
49458
49466
49467
49468
49469
49472
49479
49496
49501
49522
49523
49533
49554
49562
49578
49579
49586
49599
49624
49625
49636
49682
49705
49709
49716
49720
49733
49735
49738
49747
49771
49782
49788
49803
49824
49829
49847
49852
49876
49883
49890
49918
49930
49934
49935
49938
49942
49957
49969
49981
50003
50009
50029
50040
50060
50064
50069
50071
50072
50079
50096
50106
50113
50122
50126
50137
50140
50144
50150
50152
50180
50190
50193
50211
50234
50266
50267
50281
50287
50290
50292
50322
50329
50340
50341
50357
50370
50373
50384
50385
50388
50397
50404
50433
50441
50457
50483
50496
50502
50518
50529
50533
50536
50548
50551
50553
50558
50562
50569
50571
50583
50585
50604
50613
50614
50616
50628
50631
50633
50638
50668
50681
50709
50717
50721
50751
50755
50760
50762
50766
50797
50821
50826
50842
50846
50849
50860
50863
50864
50870
50878
50901
50929
50936
50938
50946
50947
50961
50962
50975
50978
50997
51002
51011
51012
51018
51029
51030
51047
51049
51061
51079
51083
51085
51086
51088
51101
51105
51109
51131
51135
51137
51141
51147
51150
51157
51169
51181
51200
51214
51217
51224
51228
51262
51282
51284
51302
51339
51367
51368
51377
51394
51396
51406
51409
51417
51418
51419
51439
51458
51480
51497
51507
51508
51524
51528
51532
51558
51561
51568
51570
51574
51578
51583
51587
51593
51604
51609
51611
51612
51617
51624
51629
51659
51670
51672
51684
51685
51700
51708
51709
51714
51715
51718
51745
51746
51751
51757
51761
51762
51770
51778
51782
51783
51790
51791
51796
51811
51814
51822
51831
51850
51851
51875
51880
51887
51889
51915
51924
51929
51965
51968
51988
52018
52041
52046
52053
52059
52075
52079
52080
52083
52090
52095
52111
52115
52118
52119
52127
52135
52143
52166
52174
52175
52181
52189
52198
52202
52214
52220
52225
52237
52250
52253
52264
52287
52292
52293
52296
52324
52325
52326
52356
52358
52386
52404
52410
52412
52418
52433
52434
52440
52445
52478
52483
52498
52512
52520
52540
52543
52545
52548
52554
52579
52599
52605
52606
52615
52625
52637
52655
52669
52670
52677
52678
52686
52695
52702
52703
52753
52761
52770
52784
52787
52797
52798
52805
52810
52812
52824
52846
52848
52866
52878
52895
52898
52899
52920
52941
52962
52969
52977
52981
53008
53015
53019
53021
53023
53029
53053
53070
53100
53107
53112
53124
53126
53136
53167
53169
53176
53199
53215
53226
53236
53244
53251
53254
53256
53261
53274
53284
53287
53305
53318
53319
53322
53352
53359
53374
53378
53422
53435
53443
53468
53508
53511
53527
53582
53602
53625
53640
53653
53659
53666
53715
53728
53736
53737
53740
53745
53746
53749
53751
53752
53770
53773
53778
53780
53799
53807
53812
53825
53830
53833
53871
53876
53885
53888
53893
53894
53895
53898
53906
53937
53947
53951
53959
53963
53971
53987
53998
54000
54003
54014
54037
54039
54059
54061
54071
54074
54079
54088
54089
54100
54109
54113
54114
54133
54137
54152
54156
54162
54164
54174
54209
54221
54231
54233
54271
54281
54283
54284
54287
54288
54322
54335
54336
54337
54364
54371
54381
54413
54417
54433
54440
54446
54466
54471
54479
54481
54495
54498
54510
54522
54552
54555
54558
54582
54600
54615
54618
54630
54661
54665
54687
54692
54695
54700
54713
54717
54719
54722
54725
54726
54735
54743
54750
54768
54770
54773
54778
54782
54794
54795
54796
54845
54849
54851
54860
54874
54877
54892
54894
54903
54904
54908
54917
54957
54960
54967
54987
54997
55028
55039
55045
55050
55056
55059
55062
55075
55085
55088
55117
55119
55149
55154
55196
55230
55233
55238
55241
55285
55287
55290
55300
55310
55319
55324
55344
55348
55351
55355
55362
55363
55374
55383
55404
55405
55407
55418
55425
55454
55461
55462
55468
55511
55522
55526
55543
55547
55591
55592
55598
55642
55660
55664
55669
55671
55673
55682
55698
55699
55711
55721
55723
55729
55739
55762
55775
55816
55827
55834
55835
55843
55845
55884
55906
55912
55913
55919
55921
55923
55935
55942
55943
55952
55966
55970
55984
56002
56007
56010
56019
56023
56030
56041
56044
56058
56074
56077
56086
56097
56102
56108
56110
56111
56117
56124
56127
56139
56150
56172
56178
56189
56225
56234
56244
56247
56253
56255
56256
56257
56300
56321
56344
56347
56352
56367
56370
56380
56389
56410
56427
56433
56437
56443
56445
56450
56456
56471
56473
56488
56498
56541
56545
56570
56571
56579
56596
56602
56603
56608
56622
56624
56625
56638
56641
56644
56645
56659
56664
56673
56678
56684
56690
56706
56709
56718
56748
56749
56751
56755
56763
56769
56770
56776
56783
56789
56790
56791
56805
56817
56822
56833
56845
56849
56852
56872
56875
56878
56901
56908
56918
56919
56962
56964
56975
56982
56993
57008
57010
57015
57026
57028
57029
57036
57042
57062
57075
57080
57093
57103
57107
57146
57154
57180
57196
57201
57209
57213
57228
57238
57248
57262
57293
57303
57309
57345
57351
57373
57388
57418
57420
57436
57437
57465
57468
57484
57489
57501
57502
57504
57524
57564
57565
57568
57569
57581
57586
57587
57589
57592
57595
57596
57646
57662
57699
57703
57714
57726
57737
57756
57774
57788
57797
57812
57819
57821
57831
57834
57855
57862
57876
57899
57935
57937
57944
57947
57957
57967
57987
57989
58001
58003
58021
58034
58049
58061
58073
58076
58095
58116
58121
58141
58153
58159
58172
58174
58177
58180
58199
58205
58206
58210
58216
58222
58225
58235
58239
58244
58248
58249
58255
58267
58269
58274
58294
58298
58316
58319
58332
58335
58356
58361
58367
58368
58369
58384
58393
58418
58432
58443
58453
58462
58466
58486
58501
58504
58506
58512
58534
58552
58553
58562
58567
58582
58589
58605
58613
58632
58671
58673
58683
58686
58712
58718
58725
58736
58739
58742
58745
58751
58753
58755
58792
58829
58831
58837
58840
58851
58852
58853
58859
58867
58896
58897
58905
58912
58927
58935
58952
58978
59008
59052
59081
59088
59095
59099
59140
59143
59154
59158
59159
59163
59164
59171
59180
59187
59192
59196
59203
59207
59210
59215
59246
59259
59266
59275
59276
59277
59288
59290
59293
59296
59318
59321
59355
59357
59372
59387
59401
59406
59410
59421
59426
59437
59441
59447
59463
59472
59481
59495
59519
59520
59534
59543
59579
59605
59611
59619
59649
59654
59655
59670
59677
59714
59721
59727
59728
59735
59740
59744
59750
59751
59756
59764
59791
59834
59843
59854
59878
59892
59893
59898
59900
59919
59920
59924
59934
59937
59938
59947
59954
59971
59975
59983
60005
60011
60019
60020
60021
60059
60073
60076
60101
60105
60106
60117
60122
60135
60136
60158
60161
60163
60169
60181
60198
60209
60220
60221
60224
60227
60235
60242
60248
60265
60267
60278
60280
60296
60305
60313
60370
60411
60414
60416
60428
60440
60443
60448
60456
60464
60473
60478
60488
60492
60510
60512
60520
60524
60546
60548
60558
60564
60571
60572
60582
60586
60609
60618
60636
60641
60643
60652
60657
60693
60697
60698
60712
60725
60745
60777
60784
60786
60803
60805
60816
60822
60838
60889
60902
60907
60922
60925
60926
60927
60938
60956
60961
60967
60973
61007
61013
61055
61059
61071
61074
61097
61101
61135
61141
61156
61176
61195
61206
61216
61224
61230
61233
61239
61247
61257
61268
61271
61278
61280
61284
61299
61300
61314
61315
61334
61340
61353
61381
61405
61407
61427
61482
61485
61501
61509
61513
61516
61530
61555
61571
61575
61589
61591
61595
61596
61619
61622
61625
61633
61646
61654
61660
61666
61670
61693
61696
61704
61709
61725
61727
61731
61745
61747
61748
61755
61765
61782
61788
61796
61801
61803
61806
61811
61819
61822
61829
61832
61833
61850
61853
61876
61894
61913
61923
61940
61941
61951
61960
61966
61974
61986
61987
61991
61992
62008
62013
62016
62023
62025
62041
62088
62104
62107
62127
62128
62133
62141
62145
62156
62163
62170
62209
62210
62225
62230
62233
62243
62246
62250
62252
62264
62275
62302
62307
62333
62354
62355
62358
62369
62372
62376
62380
62404
62410
62415
62425
62428
62433
62459
62469
62472
62476
62483
62497
62506
62518
62524
62530
62552
62559
62563
62565
62569
62578
62593
62607
62615
62625
62634
62640
62651
62658
62664
62669
62689
62692
62696
62727
62728
62737
62752
62769
62780
62789
62802
62811
62815
62821
62830
62833
62842
62854
62855
62862
62871
62873
62882
62888
62889
62892
62913
62930
62938
62945
62957
62962
62969
62971
62979
62984
62993
62998
63007
63018
63031
63033
63037
63038
63067
63073
63078
63094
63098
63099
63104
63120
63128
63130
63134
63140
63158
63159
63199
63224
63228
63232
63245
63246
63277
63278
63290
63301
63321
63338
63347
63350
63374
63380
63387
63390
63412
63414
63417
63429
63433
63436
63442
63456
63471
63473
63476
63483
63491
63493
63497
63498
63513
63514
63516
63517
63522
63523
63558
63559
63572
63589
63601
63626
63632
63644
63653
63655
63664
63675
63690
63694
63697
63703
63719
63727
63744
63745
63751
63764
63765
63770
63785
63790
63791
63801
63808
63815
63820
63822
63842
63855
63860
63863
63877
63882
63884
63886
63891
63896
63907
63912
63913
63920
63956
63957
63962
63993
64000
64004
64024
64027
64032
64045
64060
64080
64083
64085
64087
64091
64097
64102
64107
64110
64126
64134
64138
64140
64160
64175
64180
64207
64214
64217
64229
64232
64244
64245
64246
64257
64276
64281
64315
64323
64329
64349
64363
64365
64405
64410
64417
64419
64425
64434
64440
64445
64448
64472
64484
64524
64530
64539
64542
64545
64552
64553
64554
64557
64558
64567
64568
64581
64589
64591
64606
64614
64615
64632
64648
64658
64665
64666
64681
64682
64708
64767
64781
64805
64861
64864
64865
64875
64876
64877
64880
64909
64916
64937
64969
64973
64978
64991
64998
65000
65007
65016
65024
65025
65102
65107
65109
65131
65134
65136
65144
65153
65159
65188
65220
65255
65294
65303
65327
65360
65371
65400
65412
65414
65418
65424
65440
65446
65491
65493
65503
65534
65584
65585
65596
65617
65622
65623
65626
65628
65664
65670
65687
65702
65705
65712
65720
65729
65733
65747
65769
65772
65793
65811
65815
65817
65828
65839
65848
65873
65877
65883
65892
65893
65896
65899
65927
65940
65975
65976
65979
65980
65988
65989
65992
65998
66008
66009
66015
66022
66038
66043
66044
66111
66126
66129
66136
66139
66142
66143
66144
66146
66154
66158
66159
66170
66178
66193
66196
66204
66211
66242
66243
66260
66261
66263
66268
66282
66310
66334
66346
66359
66360
66403
66411
66426
66429
66452
66454
66466
66482
66492
66513
66524
66532
66534
66536
66542
66543
66554
66570
66571
66575
66579
66588
66589
66626
66628
66631
66638
66639
66648
66651
66677
66683
66686
66701
66719
66732
66749
66753
66755
66762
66763
66778
66779
66789
66806
66809
66828
66847
66855
66857
66868
66870
66871
66878
66879
66881
66897
66900
66930
66931
66938
66942
66946
66958
66964
66971
66985
66995
66998
67000
67005
67015
67020
67022
67029
67034
67035
67042
67055
67058
67060
67065
67071
67085
67087
67112
67116
67123
67129
67152
67205
67216
67226
67232
67235
67243
67250
67252
67253
67254
67263
67283
67297
67325
67326
67327
67333
67360
67370
67371
67380
67392
67397
67405
67418
67423
67438
67447
67454
67462
67515
67537
67540
67542
67545
67548
67584
67588
67634
67637
67638
67651
67652
67656
67661
67667
67675
67676
67699
67706
67708
67717
67733
67745
67746
67753
67761
67764
67779
67798
67802
67803
67805
67815
67826
67829
67831
67877
67885
67895
67897
67907
67911
67913
67922
67928
67930
67943
67949
67953
67957
67966
67972
67999
68004
68023
68026
68039
68040
68060
68062
68064
68077
68089
68123
68198
68204
68225
68240
68241
68244
68245
68253
68270
68272
68282
68302
68308
68344
68358
68390
68393
68406
68410
68418
68426
68432
68433
68434
68442
68458
68478
68486
68540
68553
68554
68562
68569
68574
68588
68596
68603
68617
68624
68653
68660
68664
68674
68682
68705
68718
68719
68720
68734
68745
68746
68754
68766
68792
68802
68810
68815
68817
68821
68823
68854
68867
68874
68882
68893
68905
68910
68913
68934
68948
68957
68981
68988
68991
68995
69002
69019
69051
69061
69074
69102
69105
69142
69150
69159
69161
69166
69203
69208
69213
69225
69235
69240
69244
69268
69272
69273
69280
69288
69290
69308
69315
69329
69330
69333
69341
69344
69365
69389
69395
69415
69423
69434
69439
69441
69442
69458
69476
69482
69491
69497
69506
69510
69513
69534
69548
69560
69565
69571
69574
69576
69578
69579
69590
69591
69592
69607
69622
69630
69638
69650
69653
69659
69663
69678
69682
69699
69707
69708
69714
69715
69721
69723
69742
69744
69754
69771
69781
69794
69797
69801
69817
69835
69839
69841
69851
69852
69857
69874
69879
69899
69914
69929
69935
69958
69959
69962
69963
69969
69996
70011
70021
70028
70033
70055
70061
70076
70080
70083
70090
70099
70107
70109
70111
70114
70117
70135
70180
70182
70184
70190
70193
70198
70203
70206
70212
70216
70225
70227
70232
70258
70266
70269
70278
70288
70289
70301
70344
70354
70361
70366
70375
70378
70380
70398
70407
70410
70415
70421
70431
70441
70447
70450
70455
70470
70489
70493
70503
70505
70518
70521
70526
70530
70540
70542
70563
70564
70586
70594
70617
70639
70645
70690
70704
70712
70722
70734
70741
70742
70756
70770
70773
70800
70812
70815
70829
70832
70838
70849
70856
70868
70871
70873
70903
70911
70917
70927
70942
70947
70954
70957
70967
70973
70975
70983
70991
71021
71025
71031
71036
71046
71055
71067
71071
71072
71078
71086
71104
71116
71123
71125
71128
71131
71134
71135
71161
71178
71206
71218
71239
71246
71267
71284
71286
71288
71293
71305
71309
71313
71314
71331
71332
71345
71348
71354
71364
71365
71367
71391
71396
71403
71409
71415
71421
71422
71424
71429
71431
71432
71438
71463
71469
71471
71474
71480
71482
71488
71499
71517
71519
71526
71528
71573
71581
71593
71597
71633
71644
71647
71648
71654
71663
71675
71682
71688
71699
71703
71709
71712
71717
71722
71743
71754
71759
71763
71768
71789
71793
71802
71807
71824
71834
71855
71858
71873
71878
71884
71886
71917
71923
71927
71932
71944
71947
71967
71969
71977
71987
71988
71993
72002
72007
72008
72014
72015
72017
72025
72029
72030
72034
72042
72043
72053
72058
72060
72061
72066
72068
72083
72086
72094
72100
72107
72110
72127
72134
72155
72177
72198
72199
72203
72204
72218
72236
72254
72258
72270
72280
72289
72293
72302
72316
72323
72344
72349
72352
72353
72358
72361
72367
72370
72377
72401
72410
72411
72422
72435
72436
72445
72447
72464
72470
72511
72512
72521
72536
72538
72547
72570
72575
72579
72589
72606
72621
72652
72653
72659
72664
72670
72684
72695
72701
72717
72727
72736
72743
72758
72767
72771
72781
72791
72792
72794
72801
72809
72818
72822
72827
72829
72833
72834
72837
72850
72870
72872
72873
72884
72886
72910
72935
72949
72950
72951
72955
72962
72970
72995
73009
73012
73021
73052
73058
73078
73091
73092
73109
73113
73122
73132
73169
73178
73183
73215
73240
73241
73244
73246
73248
73257
73274
73296
73319
73327
73331
73332
73344
73358
73393
73415
73418
73468
73470
73472
73477
73506
73513
73515
73516
73520
73522
73528
73544
73555
73557
73579
73585
73592
73597
73606
73609
73630
73631
73639
73645
73656
73663
73683
73703
73717
73725
73732
73743
73753
73761
73766
73767
73769
73781
73797
73798
73819
73820
73824
73826
73849
73855
73866
73891
73896
73908
73913
73951
73963
73976
73984
73989
73997
74016
74018
74030
74034
74035
74036
74040
74059
74062
74073
74088
74101
74104
74112
74119
74132
74133
74143
74155
74158
74161
74162
74163
74168
74179
74181
74200
74217
74223
74241
74243
74251
74252
74263
74292
74305
74306
74312
74322
74371
74391
74397
74398
74400
74418
74444
74453
74456
74464
74469
74477
74480
74515
74516
74520
74525
74530
74531
74546
74554
74587
74600
74608
74639
74666
74670
74675
74687
74693
74704
74715
74741
74745
74757
74766
74791
74798
74803
74810
74829
74834
74837
74839
74840
74847
74852
74858
74859
74875
74916
74921
74924
74926
74938
74959
74993
75005
75011
75012
75015
75028
75039
75043
75055
75082
75086
75087
75106
75107
75113
75124
75138
75158
75181
75197
75201
75217
75219
75223
75229
75262
75265
75266
75278
75283
75296
75297
75327
75328
75331
75332
75342
75355
75356
75358
75363
75374
75391
75400
75404
75405
75407
75408
75410
75422
75456
75465
75474
75484
75486
75488
75506
75509
75521
75526
75530
75536
75582
75598
75600
75605
75618
75627
75637
75643
75656
75660
75667
75670
75678
75684
75690
75701
75704
75709
75718
75720
75744
75764
75765
75767
75779
75794
75801
75802
75808
75813
75820
75834
75863
75873
75883
75886
75901
75922
75926
75936
75938
75964
75977
76004
76011
76024
76026
76034
76061
76081
76085
76088
76090
76094
76114
76121
76130
76134
76140
76144
76148
76152
76175
76177
76198
76207
76217
76225
76226
76237
76240
76255
76260
76272
76284
76285
76296
76334
76360
76369
76398
76409
76415
76426
76428
76436
76453
76455
76468
76470
76491
76495
76535
76543
76562
76569
76583
76585
76587
76596
76597
76667
76677
76681
76697
76698
76704
76706
76738
76752
76755
76767
76778
76782
76794
76813
76814
76816
76817
76835
76840
76848
76861
76873
76887
76893
76907
76922
76970
76974
76981
76989
77038
77045
77048
77050
77054
77062
77087
77104
77110
77111
77120
77127
77145
77152
77160
77163
77166
77185
77208
77224
77229
77230
77257
77260
77285
77290
77299
77303
77346
77356
77358
77367
77376
77383
77393
77394
77400
77401
77408
77411
77412
77421
77428
77440
77452
77453
77462
77481
77503
77504
77512
77513
77515
77523
77527
77531
77537
77542
77552
77559
77562
77589
77592
77596
77598
77606
77609
77612
77624
77633
77640
77654
77655
77670
77677
77683
77696
77709
77712
77719
77754
77757
77788
77799
77804
77819
77848
77855
77856
77858
77860
77861
77871
77877
77879
77888
77894
77922
77944
77950
77955
77956
77957
77965
77969
77994
78005
78018
78020
78021
78032
78033
78036
78039
78043
78055
78060
78070
78081
78086
78104
78108
78113
78116
78124
78126
78139
78200
78203
78205
78232
78245
78262
78263
78265
78266
78274
78275
78293
78322
78341
78344
78349
78365
78368
78375
78397
78445
78463
78465
78466
78473
78490
78497
78498
78512
78518
78519
78537
78541
78546
78557
78578
78588
78632
78654
78663
78677
78690
78698
78702
78715
78721
78743
78754
78794
78795
78802
78814
78821
78825
78830
78832
78833
78835
78836
78849
78857
78859
78865
78870
78894
78899
78905
78907
78908
78921
78923
78959
78962
78974
78996
78997
79027
79032
79043
79050
79061
79065
79069
79083
79088
79089
79114
79115
79119
79126
79135
79136
79138
79162
79174
79180
79188
79216
79223
79238
79254
79281
79295
79298
79306
79309
79315
79336
79365
79376
79414
79417
79433
79438
79447
79451
79457
79472
79473
79485
79489
79495
79498
79509
79510
79513
79515
79522
79538
79546
79548
79564
79580
79584
79594
79614
79615
79624
79625
79627
79642
79663
79676
79681
79687
79688
79720
79731
79734
79741
79765
79777
79792
79793
79809
79813
79815
79819
79824
79826
79840
79856
79868
79875
79905
79907
79908
79911
79917
79927
79928
79948
79970
80019
80028
80041
80045
80048
80049
80065
80081
80092
80094
80120
80132
80148
80161
80169
80175
80177
80179
80208
80210
80215
80236
80240
80260
80261
80287
80303
80305
80306
80312
80352
80354
80356
80361
80363
80372
80382
80387
80398
80401
80411
80442
80447
80457
80478
80479
80488
80503
80507
80523
80533
80544
80545
80551
80552
80554
80562
80567
80571
80609
80625
80654
80656
80659
80661
80663
80678
80686
80687
80695
80708
80712
80713
80725
80743
80744
80758
80766
80769
80772
80793
80814
80820
80821
80823
80829
80835
80838
80842
80843
80850
80875
80886
80894
80901
80924
80927
80948
80959
80965
80992
80997
80998
81002
81052
81055
81059
81085
81094
81117
81119
81120
81128
81131
81148
81181
81184
81197
81210
81214
81222
81279
81283
81301
81311
81321
81323
81325
81338
81344
81365
81372
81380
81381
81385
81407
81410
81422
81437
81443
81446
81468
81477
81499
81513
81514
81522
81526
81534
81551
81568
81612
81634
81638
81644
81645
81653
81657
81666
81691
81706
81733
81734
81747
81749
81754
81764
81777
81787
81837
81840
81841
81855
81865
81872
81884
81886
81899
81907
81910
81942
81964
81975
81994
82003
82013
82039
82043
82050
82067
82077
82087
82103
82108
82113
82117
82118
82137
82155
82161
82167
82174
82189
82196
82207
82210
82218
82227
82232
82236
82243
82250
82254
82258
82263
82267
82284
82292
82308
82310
82316
82347
82375
82411
82413
82425
82442
82458
82487
82500
82511
82525
82532
82554
82567
82571
82575
82577
82582
82595
82609
82685
82691
82703
82717
82743
82751
82757
82764
82766
82787
82807
82821
82824
82853
82854
82858
82888
82903
82912
82918
82928
82932
82951
82954
82958
82994
83011
83019
83025
83034
83041
83044
83055
83062
83092
83097
83099
83112
83115
83116
83119
83173
83193
83194
83211
83214
83231
83236
83237
83270
83288
83291
83292
83306
83310
83315
83332
83333
83334
83342
83348
83361
83391
83421
83436
83448
83449
83455
83456
83459
83468
83473
83483
83489
83493
83509
83520
83532
83539
83553
83555
83559
83564
83569
83572
83581
83588
83599
83603
83614
83629
83648
83651
83652
83656
83670
83673
83674
83683
83684
83692
83698
83701
83713
83716
83734
83749
83753
83760
83764
83777
83794
83797
83800
83805
83806
83809
83811
83832
83833
83862
83863
83865
83871
83877
83880
83891
83895
83905
83909
83923
83958
83973
83986
83987
83989
84002
84032
84053
84069
84070
84077
84084
84086
84116
84121
84182
84185
84190
84214
84215
84230
84259
84263
84266
84276
84280
84284
84285
84291
84302
84303
84308
84309
84331
84341
84355
84368
84371
84384
84388
84397
84417
84418
84419
84423
84424
84432
84444
84445
84461
84478
84487
84495
84501
84519
84532
84533
84545
84546
84558
84572
84585
84590
84592
84599
84608
84620
84629
84642
84644
84661
84694
84700
84701
84720
84727
84732
84745
84759
84775
84776
84781
84796
84809
84817
84856
84857
84869
84879
84886
84916
84930
84932
84933
84937
84941
84948
84952
84963
84995
85008
85013
85029
85030
85037
85043
85051
85086
85089
85094
85096
85107
85119
85136
85139
85143
85158
85160
85176
85187
85191
85199
85207
85232
85238
85256
85286
85318
85325
85340
85350
85362
85363
85366
85372
85387
85392
85406
85418
85424
85440
85447
85452
85454
85461
85462
85475
85477
85484
85522
85528
85529
85533
85534
85547
85553
85573
85581
85595
85618
85625
85629
85634
85639
85642
85695
85706
85716
85717
85723
85747
85768
85769
85771
85774
85791
85797
85830
85835
85859
85867
85887
85892
85894
85897
85916
85917
85926
85934
85938
85949
85952
85958
85965
85972
85982
85995
86013
86015
86018
86033
86047
86063
86086
86091
86094
86126
86128
86130
86131
86144
86162
86164
86183
86186
86197
86204
86215
86223
86269
86279
86281
86299
86314
86320
86356
86365
86374
86392
86393
86417
86420
86435
86469
86473
86482
86497
86521
86523
86528
86548
86553
86566
86567
86568
86569
86576
86580
86583
86594
86597
86598
86630
86632
86647
86652
86661
86669
86684
86686
86687
86705
86709
86714
86734
86736
86738
86757
86758
86772
86791
86798
86805
86819
86821
86822
86824
86827
86830
86836
86842
86852
86860
86894
86916
86925
86929
86937
86943
86946
86962
86971
86972
86975
87001
87030
87073
87084
87101
87124
87127
87133
87151
87152
87153
87164
87169
87177
87201
87202
87218
87238
87240
87251
87253
87268
87271
87277
87280
87296
87310
87330
87345
87359
87380
87383
87401
87406
87410
87431
87453
87454
87458
87460
87462
87464
87471
87479
87481
87494
87497
87509
87542
87578
87580
87583
87598
87604
87606
87611
87613
87617
87628
87633
87635
87636
87643
87654
87661
87662
87668
87683
87687
87716
87736
87781
87785
87787
87790
87804
87806
87809
87811
87813
87814
87828
87829
87834
87844
87859
87862
87873
87885
87898
87901
87929
87960
87961
87974
87988
87999
88007
88020
88036
88049
88051
88054
88079
88082
88087
88100
88104
88112
88120
88130
88137
88140
88143
88146
88155
88157
88159
88167
88173
88177
88188
88192
88198
88204
88240
88247
88265
88280
88281
88301
88304
88305
88314
88316
88317
88322
88325
88326
88328
88330
88332
88334
88346
88373
88402
88424
88426
88456
88463
88464
88466
88480
88487
88510
88525
88531
88544
88547
88552
88567
88571
88572
88583
88603
88605
88608
88610
88613
88638
88639
88652
88660
88671
88674
88675
88694
88719
88721
88728
88748
88750
88751
88752
88766
88770
88771
88777
88778
88779
88781
88800
88802
88812
88831
88846
88855
88865
88870
88871
88885
88896
88899
88905
88909
88910
88915
88916
88919
88924
88967
88978
88990
88996
89015
89025
89027
89050
89080
89131
89133
89137
89139
89141
89158
89188
89201
89207
89208
89210
89217
89230
89242
89256
89263
89277
89280
89288
89304
89327
89334
89343
89357
89361
89366
89381
89412
89414
89428
89435
89436
89445
89448
89476
89477
89482
89521
89522
89541
89543
89545
89547
89573
89575
89579
89581
89602
89606
89616
89617
89621
89622
89629
89631
89634
89639
89646
89655
89662
89663
89681
89697
89700
89704
89720
89741
89747
89751
89752
89755
89762
89767
89775
89781
89783
89784
89788
89801
89809
89820
89824
89832
89833
89867
89879
89884
89891
89901
89911
89915
89924
89931
89933
89934
89938
89957
89963
89971
90007
90018
90025
90034
90036
90045
90054
90070
90077
90104
90109
90115
90120
90123
90130
90136
90137
90140
90148
90150
90157
90171
90209
90233
90240
90245
90246
90253
90261
90271
90274
90292
90313
90314
90321
90337
90345
90369
90374
90376
90385
90391
90397
90399
90403
90408
90410
90425
90426
90428
90436
90450
90456
90473
90481
90486
90504
90520
90527
90536
90546
90550
90552
90556
90565
90569
90572
90576
90579
90585
90586
90587
90600
90607
90615
90619
90631
90633
90644
90646
90650
90661
90673
90696
90725
90737
90742
90770
90778
90793
90836
90846
90856
90863
90881
90914
90923
90947
90954
90957
90993
91007
91009
91012
91016
91019
91025
91031
91046
91058
91061
91064
91072
91077
91083
91089
91092
91107
91124
91127
91128
91131
91145
91146
91154
91172
91177
91184
91212
91215
91247
91266
91282
91293
91312
91315
91321
91330
91338
91340
91351
91354
91367
91369
91377
91381
91385
91402
91405
91454
91458
91466
91470
91471
91481
91514
91516
91560
91567
91582
91585
91588
91601
91602
91627
91628
91630
91631
91635
91641
91654
91656
91659
91675
91687
91693
91695
91698
91706
91709
91718
91742
91746
91748
91760
91763
91765
91783
91810
91830
91831
91832
91864
91876
91886
91892
91896
91908
91914
91919
91932
91942
91949
91954
91961
91983
91985
91988
91990
92000
92022
92035
92044
92048
92064
92065
92075
92095
92100
92105
92113
92121
92168
92184
92191
92192
92200
92218
92248
92250
92251
92252
92254
92256
92263
92268
92274
92276
92277
92279
92280
92294
92296
92300
92308
92321
92350
92356
92377
92393
92395
92400
92410
92412
92413
92415
92424
92430
92433
92442
92447
92463
92467
92492
92509
92516
92547
92548
92549
92555
92568
92571
92575
92591
92607
92614
92616
92620
92655
92661
92669
92673
92680
92683
92695
92700
92703
92704
92724
92729
92732
92744
92754
92755
92756
92760
92778
92784
92790
92798
92806
92828
92842
92854
92868
92869
92879
92883
92889
92891
92913
92933
92935
92951
92952
92954
92959
92971
92976
92988
92991
92997
93023
93027
93038
93045
93051
93063
93078
93097
93102
93110
93136
93146
93151
93159
93160
93171
93172
93182
93200
93219
93226
93229
93230
93238
93251
93264
93268
93279
93297
93309
93320
93327
93329
93330
93333
93355
93361
93384
93409
93412
93435
93439
93466
93481
93484
93491
93492
93511
93519
93521
93532
93541
93560
93565
93571
93596
93608
93616
93641
93646
93656
93657
93665
93690
93698
93699
93719
93720
93731
93732
93733
93735
93760
93772
93777
93786
93796
93815
93816
93818
93833
93841
93873
93875
93885
93897
93902
93911
93914
93932
93934
93955
93960
93962
93965
93973
93976
93985
93988
94002
94004
94017
94031
94035
94036
94037
94038
94044
94055
94056
94060
94065
94070
94071
94084
94098
94108
94126
94137
94146
94173
94174
94187
94208
94212
94225
94227
94235
94254
94259
94266
94269
94310
94312
94314
94323
94337
94338
94356
94383
94388
94395
94405
94417
94450
94454
94461
94463
94465
94488
94502
94503
94521
94532
94533
94564
94571
94577
94584
94596
94598
94605
94609
94610
94614
94616
94636
94637
94647
94652
94671
94672
94681
94711
94716
94728
94756
94762
94771
94783
94788
94793
94805
94808
94820
94824
94843
94845
94853
94858
94859
94868
94870
94874
94887
94897
94899
94904
94913
94920
94927
94931
94938
94963
94974
94983
95020
95036
95054
95057
95078
95089
95090
95102
95104
95110
95122
95123
95143
95146
95149
95155
95160
95172
95187
95188
95192
95195
95198
95204
95227
95231
95247
95266
95271
95276
95295
95296
95320
95339
95354
95358
95377
95379
95380
95393
95395
95401
95414
95418
95421
95451
95470
95476
95477
95478
95480
95489
95501
95507
95518
95523
95525
95568
95590
95612
95613
95633
95645
95651
95685
95709
95713
95732
95733
95734
95736
95750
95751
95753
95754
95755
95777
95785
95794
95823
95833
95836
95838
95849
95850
95876
95877
95897
95905
95911
95920
95922
95925
95934
95935
95946
95948
95950
95970
95978
96013
96020
96033
96037
96043
96045
96056
96062
96076
96082
96102
96110
96111
96114
96122
96134
96135
96142
96146
96149
96156
96164
96169
96174
96176
96177
96187
96202
96223
96249
96252
96255
96261
96269
96278
96299
96312
96313
96324
96339
96341
96343
96363
96365
96372
96373
96394
96403
96409
96417
96429
96437
96447
96449
96462
96463
96476
96480
96485
96492
96507
96509
96520
96521
96526
96529
96544
96547
96549
96557
96569
96584
96586
96588
96589
96591
96617
96625
96628
96632
96646
96654
96673
96681
96696
96697
96704
96720
96726
96739
96760
96770
96772
96788
96790
96807
96814
96822
96824
96826
96830
96839
96840
96847
96859
96860
96863
96866
96875
96876
96918
96935
96942
96954
96964
96972
96973
97014
97015
97035
97053
97055
97057
97059
97078
97086
97099
97123
97142
97143
97148
97150
97154
97157
97167
97171
97178
97186
97193
97194
97197
97215
97223
97230
97245
97253
97272
97276
97280
97284
97288
97294
97298
97299
97300
97302
97312
97313
97321
97341
97353
97356
97364
97367
97377
97378
97385
97386
97387
97397
97404
97409
97422
97426
97444
97451
97457
97459
97461
97470
97473
97478
97485
97488
97512
97518
97539
97541
97556
97558
97561
97565
97573
97590
97593
97606
97610
97613
97622
97628
97637
97661
97674
97699
97700
97709
97723
97748
97749
97765
97767
97771
97772
97780
97792
97813
97822
97827
97828
97831
97854
97859
97864
97869
97872
97874
97881
97907
97911
97913
97927
97943
97948
97955
97956
97958
97979
97981
97982
97991
98014
98023
98025
98037
98045
98087
98092
98116
98144
98151
98159
98165
98175
98181
98202
98218
98223
98225
98237
98242
98274
98290
98306
98315
98330
98344
98355
98376
98381
98417
98419
98427
98451
98463
98476
98479
98503
98508
98519
98533
98535
98541
98554
98577
98580
98595
98599
98600
98614
98631
98653
98681
98693
98696
98711
98715
98717
98721
98725
98729
98736
98748
98751
98754
98785
98792
98799
98805
98836
98857
98873
98874
98886
98895
98903
98908
98928
98933
98939
98942
98948
98949
98961
98993
99008
99018
99022
99027
99056
99065
99082
99090
99091
99112
99114
99116
99124
99141
99157
99192
99219
99220
99238
99251
99260
99266
99295
99299
99301
99335
99336
99337
99371
99389
99391
99399
99403
99410
99424
99445
99448
99449
99478
99489
99494
99498
99511
99514
99535
99539
99562
99564
99573
99621
99624
99628
99629
99638
99640
99651
99675
99676
99691
99694
99699
99745
99775
99795
99806
99827
99837
99853
99854
99892
99901
99906
99908
99910
99917
99921
99938
99940
99947
99961
99970
99988
