1
1
1
3
3
5
6
7
11
12
12
12
13
13
14
15
18
19
19
19
20
20
21
22
24
24
26
27
28
29
29
31
31
33
33
33
33
34
37
37
37
37
37
38
40
40
41
41
43
44
44
46
46
46
47
48
51
51
56
56
56
57
57
57
58
59
60
61
61
62
65
66
66
68
69
70
72
73
74
75
75
75
81
84
85
85
85
86
88
89
92
92
92
95
97
98
99
99
102
103
104
104
105
106
107
107
108
109
110
112
112
114
116
117
117
119
120
120
121
123
123
126
128
128
128
130
130
131
132
132
132
134
136
138
139
139
142
143
143
144
145
146
146
147
148
149
149
150
151
152
154
155
156
157
158
158
159
161
161
162
162
162
165
167
168
168
169
170
172
173
173
174
174
175
175
176
180
181
183
187
188
190
191
193
194
199
201
202
203
203
205
205
206
207
208
208
209
213
215
215
216
216
216
218
219
221
221
228
230
230
232
232
233
233
234
234
235
236
236
237
237
239
242
242
243
243
244
244
245
246
247
247
249
250
251
252
253
254
256
256
258
258
258
259
262
262
266
267
269
272
272
273
274
274
275
276
276
276
277
278
279
279
280
280
281
284
284
285
285
286
286
286
289
290
290
291
292
294
294
296
296
296
297
297
299
300
300
301
302
303
304
304
306
307
307
309
310
311
311
311
313
314
315
316
317
317
318
319
320
323
324
325
325
326
326
329
330
330
331
332
333
333
334
335
336
336
339
339
339
341
343
343
344
345
346
347
348
350
352
353
353
355
355
357
359
360
360
360
361
365
365
366
367
367
368
371
372
372
375
375
375
376
376
377
380
381
383
384
386
386
389
389
389
390
390
391
391
392
392
395
396
396
397
398
399
399
402
402
402
403
404
404
404
405
406
407
408
409
409
410
411
412
412
413
413
414
416
416
416
417
418
418
420
421
422
423
424
424
428
428
430
431
433
433
434
434
434
436
437
437
438
438
439
439
440
441
443
443
445
445
445
446
447
447
447
448
448
448
450
452
454
455
456
456
456
456
458
459
462
462
463
466
466
467
467
467
468
468
469
469
472
472
473
473
474
474
475
476
477
478
481
482
482
483
483
484
484
485
485
485
486
487
488
491
492
492
494
494
495
496
496
498
499
500
501
502
504
505
506
506
508
508
508
509
509
511
511
511
516
519
519
522
523
523
524
525
527
527
529
529
531
533
535
537
537
538
538
538
540
541
541
543
544
544
551
552
553
554
555
555
556
559
561
564
570
572
574
577
577
577
578
578
578
578
579
579
583
584
584
589
590
593
595
596
596
599
604
605
606
608
608
608
608
609
610
610
613
615
615
619
620
621
622
623
625
625
627
629
629
630
630
630
630
631
631
633
635
636
640
640
641
641
644
645
645
647
649
652
652
652
652
652
655
656
657
659
659
660
661
661
661
662
664
669
669
670
670
671
672
672
672
672
673
674
676
676
677
678
679
679
681
686
687
687
687
688
688
689
690
691
691
693
694
697
698
698
698
700
700
701
703
704
704
705
705
706
707
708
708
709
709
711
712
712
712
713
714
715
715
716
717
717
718
719
719
719
720
720
721
721
721
722
723
723
723
725
726
727
727
729
732
732
732
733
734
736
736
737
738
738
739
741
742
744
746
746
747
748
750
751
752
753
754
754
755
756
756
757
757
757
758
758
760
760
761
762
763
764
765
765
766
767
767
767
769
769
770
772
772
772
773
773
774
776
776
777
777
777
778
778
778
779
781
783
784
784
784
784
784
786
786
787
787
788
790
790
792
793
797
798
798
802
803
803
803
803
804
805
807
807
808
811
812
813
814
815
816
816
816
817
819
819
819
820
820
821
822
824
825
826
827
827
828
830
831
831
833
833
833
834
835
836
836
836
837
837
838
838
839
840
841
841
841
844
845
846
847
848
848
849
850
853
856
859
860
860
860
861
861
862
862
863
864
864
864
866
867
868
870
872
874
874
874
875
876
876
877
879
879
879
880
881
883
883
883
884
885
886
887
890
890
892
896
897
898
898
899
899
901
902
905
908
908
908
909
909
909
910
911
911
912
912
913
913
917
918
919
919
919
922
923
925
925
927
928
928
928
929
930
930
931
933
934
934
934
934
935
935
936
937
937
938
939
940
941
941
943
943
943
944
946
946
950
950
951
953
954
956
956
956
957
958
958
962
962
962
963
963
963
964
966
966
967
968
968
969
970
970
971
971
971
972
973
973
975
975
975
976
978
978
979
982
984
984
984
985
986
987
989
990
990
991
991
994
996
997
999
1000
1000
1001
1002
1003
1005
1005
1008
1008
1010
1010
1011
1012
1012
1014
1017
1018
1018
1021
1023
1024
1024
1024
1025
1025
1025
1025
1026
1026
1026
1027
1030
1030
1031
1031
1031
1032
1032
1033
1034
1035
1035
1039
1040
1040
1041
1042
1042
1045
1046
1047
1048
1048
1049
1052
1055
1056
1057
1057
1058
1059
1059
1060
1061
1062
1063
1066
1066
1068
1068
1068
1069
1069
1070
1071
1073
1073
1076
1077
1078
1078
1079
1079
1079
1080
1082
1083
1085
1085
1086
1087
1089
1089
1089
1090
1092
1093
1094
1095
1095
1096
1096
1099
1099
1101
1102
1105
1106
1109
1110
1111
1113
1113
1114
1114
1115
1115
1117
1119
1119
1123
1125
1125
1126
1126
1126
1126
1127
1127
1128
1129
1130
1132
1132
1133
1133
1134
1135
1136
1137
1137
1142
1144
1145
1145
1146
1146
1148
1149
1152
1152
1152
1153
1153
1153
1155
1156
1156
1156
1158
1160
1160
1160
1160
1161
1161
1161
1162
1165
1165
1165
1165
1168
1168
1172
1174
1176
1177
1178
1180
1180
1180
1180
1182
1182
1183
1184
1185
1186
1187
1188
1189
1189
1190
1190
1191
1192
1193
1194
1196
1196
1196
1197
1198
1199
1200
1200
1200
1200
1201
1201
1202
1202
1206
1209
1211
1211
1212
1213
1213
1215
1215
1218
1218
1218
1219
1222
1222
1223
1225
1225
1226
1227
1227
1231
1232
1234
1236
1236
1236
1238
1242
1243
1244
1247
1249
1249
1251
1252
1252
1253
1254
1254
1256
1256
1259
1262
1262
1263
1264
1266
1267
1269
1269
1270
1273
1274
1274
1275
1276
1277
1278
1279
1281
1281
1282
1283
1283
1284
1287
1287
1287
1289
1291
1291
1292
1293
1293
1294
1295
1295
1296
1296
1297
1298
1299
1300
1301
1301
1301
1302
1303
1305
1307
1308
1308
1308
1310
1311
1312
1312
1312
1314
1315
1317
1321
1321
1321
1323
1324
1324
1324
1325
1325
1325
1326
1326
1327
1327
1330
1331
1331
1331
1333
1336
1337
1337
1337
1338
1338
1339
1341
1341
1342
1343
1343
1345
1346
1347
1347
1350
1350
1350
1352
1352
1352
1354
1354
1354
1355
1355
1357
1357
1359
1360
1361
1362
1363
1364
1364
1365
1366
1366
1367
1367
1368
1370
1371
1373
1375
1376
1376
1377
1377
1378
1379
1379
1379
1380
1380
1380
1381
1381
1383
1383
1386
1386
1387
1387
1388
1392
1392
1393
1394
1396
1397
1397
1397
1398
1399
1400
1401
1403
1403
1405
1407
1407
1408
1409
1409
1411
1411
1411
1412
1413
1414
1414
1416
1416
1418
1419
1419
1419
1421
1422
1424
1425
1425
1425
1426
1428
1429
1429
1430
1430
1430
1431
1433
1434
1435
1436
1437
1437
1438
1439
1440
1441
1441
1445
1445
1446
1449
1451
1451
1451
1456
1456
1458
1460
1461
1462
1464
1465
1465
1466
1468
1470
1470
1470
1471
1472
1473
1474
1475
1475
1475
1476
1477
1477
1478
1478
1481
1482
1483
1483
1483
1484
1485
1486
1486
1487
1488
1489
1491
1491
1492
1492
1492
1493
1494
1495
1497
1497
1497
1498
1499
1500
1500
1501
1502
1503
1503
1504
1504
1505
1507
1507
1508
1508
1508
1508
1509
1510
1512
1513
1515
1515
1515
1515
1516
1518
1519
1521
1521
1521
1523
1523
1525
1525
1525
1526
1527
1528
1529
1531
1534
1534
1534
1535
1535
1537
1538
1538
1538
1540
1540
1541
1541
1542
1543
1545
1548
1549
1549
1551
1553
1554
1554
1555
1560
1560
1562
1562
1562
1564
1565
1567
1569
1571
1571
1572
1572
1572
1572
1573
1573
1575
1575
1577
1577
1577
1581
1581
1583
1584
1585
1587
1587
1588
1589
1590
1591
1591
1591
1591
1592
1593
1594
1595
1596
1596
1597
1597
1599
1600
1600
1600
1601
1603
1603
1605
1606
1607
1607
1612
1613
1613
1615
1616
1617
1617
1617
1617
1618
1619
1619
1619
1622
1623
1623
1625
1626
1627
1628
1629
1632
1632
1633
1633
1634
1635
1637
1637
1637
1638
1639
1646
1647
1647
1647
1648
1648
1650
1651
1651
1655
1656
1656
1657
1657
1658
1659
1659
1660
1661
1663
1665
1665
1666
1668
1668
1668
1669
1670
1672
1674
1676
1677
1678
1678
1679
1683
1683
1684
1686
1687
1687
1687
1687
1688
1690
1690
1694
1696
1702
1703
1704
1706
1706
1706
1707
1709
1710
1711
1711
1715
1715
1715
1716
1717
1718
1719
1719
1720
1721
1721
1721
1722
1722
1725
1725
1727
1729
1733
1733
1734
1737
1737
1737
1739
1739
1740
1740
1740
1742
1744
1745
1745
1746
1747
1749
1750
1751
1751
1753
1756
1757
1757
1759
1759
1760
1761
1762
1765
1768
1768
1769
1769
1769
1770
1770
1771
1771
1771
1772
1772
1773
1773
1776
1777
1778
1778
1780
1781
1781
1782
1782
1784
1786
1789
1790
1794
1794
1795
1795
1796
1796
1798
1798
1799
1800
1800
1802
1803
1803
1805
1806
1806
1808
1810
1812
1813
1814
1814
1817
1817
1817
1818
1818
1819
1819
1819
1821
1821
1822
1822
1824
1825
1827
1827
1829
1829
1831
1831
1831
1834
1835
1838
1840
1840
1843
1844
1844
1846
1846
1846
1846
1848
1848
1848
1848
1849
1850
1852
1852
1853
1853
1856
1857
1858
1858
1859
1859
1860
1862
1863
1863
1864
1868
1870
1871
1872
1872
1873
1874
1874
1875
1878
1878
1881
1881
1881
1882
1883
1884
1886
1887
1889
1889
1890
1890
1892
1893
1894
1895
1895
1895
1897
1899
1899
1900
1900
1900
1901
1901
1901
1901
1902
1902
1903
1903
1905
1905
1905
1907
1908
1908
1909
1911
1911
1912
1913
1913
1917
1918
1918
1919
1920
1920
1923
1924
1924
1927
1927
1929
1930
1933
1933
1934
1934
1934
1935
1936
1938
1939
1939
1939
1940
1941
1942
1942
1942
1943
1944
1948
1948
1948
1949
1949
1949
1951
1952
1952
1952
1954
1955
1956
1960
1963
1964
1964
1965
1965
1966
1967
1969
1969
1969
1972
1972
1973
1973
1974
1975
1975
1975
1976
1976
1979
1979
1979
1980
1980
1981
1981
1984
1984
1987
1987
1991
1991
1991
1992
1992
1993
1993
1994
1996
1998
1999
2000
2000
2001
2002
2002
2002
2005
2005
2007
2009
2010
2010
2011
2012
2016
2016
2016
2016
2017
2018
2021
2021
2022
2022
2022
2024
2024
2025
2026
2027
2029
2030
2031
2032
2032
2034
2035
2035
2035
2036
2037
2038
2041
2042
2044
2045
2046
2046
2046
2048
2048
2049
2050
2051
2052
2052
2052
2054
2054
2056
2056
2057
2058
2059
2059
2060
2062
2063
2064
2065
2068
2069
2069
2070
2070
2072
2074
2074
2075
2075
2076
2079
2080
2084
2085
2086
2086
2090
2091
2091
2092
2093
2093
2094
2096
2096
2096
2096
2096
2098
2099
2099
2099
2099
2101
2102
2103
2103
2103
2104
2104
2105
2105
2107
2107
2108
2110
2112
2112
2112
2112
2113
2113
2113
2113
2114
2114
2115
2120
2121
2121
2121
2123
2123
2125
2126
2126
2127
2127
2128
2129
2130
2130
2131
2131
2132
2134
2136
2136
2136
2140
2144
2145
2146
2146
2148
2148
2150
2151
2152
2153
2155
2157
2159
2160
2161
2161
2162
2162
2162
2164
2166
2168
2168
2169
2172
2175
2176
2178
2179
2181
2181
2181
2184
2187
2187
2189
2192
2192
2197
2197
2198
2199
2200
2202
2203
2203
2205
2206
2206
2206
2207
2207
2210
2210
2211
2212
2213
2214
2215
2215
2215
2215
2216
2216
2216
2216
2217
2218
2219
2220
2221
2223
2223
2224
2225
2226
2226
2228
2229
2232
2234
2236
2236
2237
2239
2240
2241
2241
2241
2242
2245
2246
2248
2249
2249
2251
2252
2254
2254
2255
2257
2257
2258
2258
2258
2259
2261
2261
2262
2262
2264
2265
2266
2268
2268
2269
2272
2273
2273
2273
2273
2274
2275
2276
2277
2278
2281
2281
2281
2281
2282
2282
2283
2285
2286
2287
2288
2288
2289
2290
2290
2291
2293
2293
2293
2294
2296
2296
2297
2297
2297
2301
2302
2302
2304
2304
2305
2307
2307
2307
2307
2307
2310
2310
2310
2313
2313
2313
2313
2314
2315
2315
2317
2317
2318
2320
2321
2324
2325
2325
2327
2327
2328
2329
2330
2330
2333
2334
2334
2335
2335
2335
2337
2337
2337
2340
2341
2343
2344
2344
2344
2344
2348
2348
2349
2349
2349
2350
2351
2352
2352
2353
2354
2355
2356
2356
2356
2357
2359
2359
2360
2364
2365
2365
2366
2367
2367
2368
2369
2369
2369
2369
2369
2369
2370
2370
2374
2375
2375
2376
2377
2378
2379
2379
2382
2384
2385
2385
2387
2390
2390
2390
2391
2391
2391
2392
2393
2393
2393
2395
2396
2396
2398
2398
2398
2399
2403
2404
2405
2406
2406
2408
2408
2409
2410
2411
2412
2414
2414
2415
2417
2419
2420
2420
2421
2423
2423
2424
2424
2425
2426
2426
2426
2427
2427
2427
2428
2428
2428
2429
2431
2431
2431
2432
2432
2432
2433
2434
2434
2436
2436
2436
2441
2442
2442
2443
2445
2446
2447
2448
2448
2448
2449
2450
2452
2452
2453
2453
2453
2455
2457
2458
2459
2459
2459
2461
2461
2462
2465
2466
2466
2470
2471
2471
2472
2472
2473
2474
2477
2477
2477
2477
2478
2484
2485
2486
2488
2488
2490
2490
2492
2493
2493
2493
2493
2493
2496
2497
2497
2500
2501
2507
2508
2508
2508
2508
2509
2510
2510
2510
2512
2512
2513
2514
2515
2517
2518
2520
2520
2521
2521
2524
2525
2527
2527
2528
2529
2529
2530
2530
2536
2540
2541
2542
2543
2543
2544
2544
2546
2547
2547
2548
2549
2550
2551
2552
2552
2555
2555
2558
2559
2560
2562
2562
2563
2563
2564
2565
2565
2566
2566
2571
2571
2571
2572
2572
2573
2576
2576
2576
2578
2579
2580
2581
2582
2582
2583
2583
2584
2586
2587
2588
2588
2588
2589
2591
2591
2593
2596
2597
2598
2599
2599
2599
2599
2601
2601
2602
2602
2603
2604
2606
2606
2607
2607
2608
2611
2611
2612
2612
2613
2614
2616
2618
2618
2619
2620
2620
2623
2624
2624
2625
2626
2626
2628
2629
2629
2631
2631
2631
2633
2634
2634
2636
2636
2636
2636
2638
2639
2640
2640
2642
2644
2644
2646
2646
2647
2647
2648
2650
2650
2651
2652
2652
2653
2653
2654
2655
2655
2655
2656
2656
2657
2660
2660
2660
2664
2664
2664
2666
2667
2669
2672
2673
2676
2677
2678
2679
2679
2680
2685
2685
2686
2686
2687
2689
2690
2691
2691
2693
2695
2695
2695
2696
2697
2698
2700
2700
2705
2705
2706
2706
2706
2707
2708
2710
2710
2710
2712
2712
2713
2713
2717
2719
2721
2722
2723
2724
2725
2726
2728
2728
2729
2731
2731
2731
2732
2732
2738
2738
2738
2739
2739
2740
2743
2744
2745
2746
2747
2751
2752
2753
2753
2754
2755
2755
2757
2757
2759
2760
2762
2762
2766
2767
2768
2768
2770
2772
2773
2774
2776
2779
2779
2779
2782
2783
2783
2784
2784
2791
2793
2794
2794
2795
2796
2798
2798
2798
2798
2800
2801
2802
2802
2804
2804
2805
2806
2807
2810
2810
2811
2811
2811
2812
2813
2814
2814
2817
2818
2819
2820
2821
2822
2822
2824
2824
2825
2826
2826
2827
2830
2831
2832
2832
2833
2834
2835
2836
2837
2837
2839
2842
2842
2843
2846
2846
2848
2849
2850
2851
2855
2856
2858
2859
2860
2863
2863
2863
2866
2867
2867
2870
2870
2870
2871
2876
2878
2879
2879
2879
2880
2880
2881
2881
2882
2883
2883
2883
2885
2887
2888
2888
2893
2894
2896
2898
2898
2898
2899
2899
2900
2901
2901
2903
2903
2904
2904
2905
2907
2909
2910
2910
2911
2911
2912
2913
2917
2918
2918
2919
2919
2922
2923
2928
2929
2929
2929
2932
2935
2936
2936
2937
2937
2939
2939
2940
2942
2942
2943
2943
2944
2944
2945
2945
2949
2949
2950
2952
2952
2953
2958
2959
2959
2961
2961
2963
2964
2965
2965
2967
2968
2971
2972
2972
2972
2975
2976
2976
2976
2981
2983
2983
2984
2985
2986
2986
2987
2987
2988
2989
2990
2991
2992
2993
3001
3002
3002
3003
3006
3006
3007
3008
3010
3011
3012
3012
3013
3013
3013
3014
3014
3014
3018
3019
3020
3022
3024
3024
3025
3027
3027
3028
3028
3031
3032
3032
3033
3034
3034
3034
3038
3039
3042
3043
3044
3045
3046
3048
3048
3048
3048
3049
3050
3051
3051
3051
3052
3054
3055
3056
3056
3058
3061
3061
3065
3068
3068
3068
3069
3071
3073
3075
3077
3078
3080
3080
3081
3083
3083
3083
3084
3084
3085
3086
3087
3087
3088
3089
3094
3095
3095
3096
3098
3098
3101
3101
3103
3103
3105
3107
3107
3108
3108
3110
3110
3111
3114
3114
3114
3115
3115
3115
3116
3116
3116
3118
3118
3118
3119
3119
3119
3120
3123
3123
3125
3127
3128
3128
3129
3130
3131
3132
3132
3132
3134
3135
3135
3136
3136
3138
3139
3141
3142
3142
3142
3143
3143
3144
3146
3146
3147
3147
3149
3150
3152
3152
3152
3153
3154
3154
3155
3155
3156
3156
3157
3158
3158
3160
3161
3162
3163
3164
3165
3165
3166
3168
3168
3169
3170
3171
3172
3174
3178
3178
3179
3180
3180
3181
3182
3182
3184
3184
3185
3188
3188
3190
3190
3190
3192
3193
3193
3193
3194
3196
3197
3198
3198
3198
3199
3200
3201
3201
3201
3201
3201
3205
3206
3206
3206
3207
3207
3208
3211
3211
3211
3212
3212
3212
3213
3214
3217
3217
3218
3218
3221
3221
3222
3223
3226
3231
3231
3231
3232
3232
3232
3232
3235
3235
3235
3236
3237
3237
3240
3241
3245
3246
3248
3250
3252
3252
3253
3254
3254
3256
3256
3256
3257
3258
3260
3261
3263
3263
3263
3266
3267
3268
3268
3270
3271
3272
3272
3272
3273
3274
3274
3275
3276
3277
3278
3278
3279
3280
3281
3281
3281
3282
3283
3283
3283
3288
3290
3290
3295
3295
3296
3296
3298
3298
3298
3299
3300
3302
3304
3304
3305
3306
3309
3310
3310
3311
3312
3312
3312
3313
3313
3314
3315
3316
3316
3316
3318
3319
3319
3321
3323
3323
3323
3324
3326
3327
3328
3328
3331
3331
3332
3334
3336
3337
3338
3339
3341
3343
3344
3344
3344
3347
3348
3353
3354
3354
3356
3357
3360
3361
3362
3363
3364
3366
3369
3369
3371
3371
3372
3372
3372
3373
3373
3373
3374
3375
3375
3377
3377
3377
3378
3380
3381
3382
3382
3385
3385
3385
3385
3386
3386
3386
3387
3387
3389
3390
3391
3391
3392
3397
3398
3398
3399
3399
3399
3399
3400
3400
3401
3402
3404
3406
3407
3407
3410
3411
3412
3412
3414
3414
3414
3415
3418
3418
3420
3420
3421
3422
3422
3423
3423
3423
3424
3428
3428
3429
3429
3429
3430
3430
3430
3432
3432
3432
3433
3434
3434
3434
3434
3435
3436
3436
3436
3438
3442
3443
3443
3445
3445
3445
3448
3448
3451
3451
3452
3452
3453
3453
3453
3454
3455
3456
3456
3457
3458
3458
3461
3461
3461
3462
3462
3466
3468
3469
3470
3474
3474
3476
3479
3480
3482
3484
3486
3486
3487
3487
3488
3488
3489
3489
3492
3492
3493
3494
3497
3497
3499
3499
3499
3499
3500
3500
3500
3502
3505
3506
3506
3507
3507
3507
3508
3508
3509
3509
3511
3512
3512
3513
3513
3516
3517
3518
3518
3519
3519
3520
3520
3521
3522
3522
3522
3525
3526
3527
3527
3528
3528
3529
3532
3534
3534
3535
3535
3540
3540
3540
3541
3544
3544
3545
3545
3545
3546
3549
3549
3550
3552
3553
3557
3557
3560
3560
3561
3562
3564
3565
3565
3565
3566
3569
3573
3573
3575
3575
3577
3579
3580
3581
3581
3582
3583
3585
3586
3586
3587
3587
3588
3590
3590
3591
3591
3591
3591
3592
3592
3593
3593
3595
3596
3596
3596
3597
3599
3600
3601
3603
3609
3610
3611
3614
3614
3615
3615
3616
3616
3616
3617
3619
3619
3620
3621
3621
3621
3623
3623
3623
3624
3626
3626
3627
3628
3631
3631
3631
3632
3632
3633
3633
3634
3635
3635
3635
3640
3643
3643
3643
3646
3646
3646
3646
3648
3650
3651
3654
3654
3655
3656
3656
3659
3660
3660
3661
3662
3664
3665
3665
3667
3667
3668
3671
3672
3673
3673
3673
3676
3677
3678
3679
3680
3680
3680
3682
3684
3684
3684
3686
3688
3688
3688
3690
3690
3690
3691
3692
3693
3693
3693
3693
3693
3694
3694
3695
3696
3696
3697
3699
3699
3700
3700
3701
3704
3704
3706
3707
3710
3712
3712
3714
3714
3715
3716
3717
3718
3718
3719
3721
3722
3723
3723
3726
3727
3727
3728
3729
3730
3731
3731
3735
3735
3737
3737
3740
3742
3743
3745
3746
3747
3747
3750
3751
3751
3752
3752
3753
3756
3758
3759
3760
3761
3762
3763
3765
3765
3766
3766
3767
3767
3769
3769
3770
3772
3777
3778
3778
3779
3779
3782
3783
3784
3785
3787
3788
3789
3789
3792
3792
3793
3793
3794
3795
3795
3796
3797
3797
3798
3799
3800
3802
3802
3802
3806
3807
3808
3809
3811
3812
3813
3813
3813
3814
3817
3819
3821
3823
3823
3824
3827
3828
3829
3830
3831
3835
3837
3838
3841
3842
3842
3842
3842
3844
3844
3845
3846
3847
3848
3849
3851
3851
3854
3854
3855
3855
3856
3858
3860
3860
3860
3860
3861
3862
3863
3863
3865
3867
3867
3870
3872
3873
3873
3874
3875
3875
3876
3877
3878
3880
3881
3887
3891
3895
3896
3897
3898
3899
3899
3899
3899
3900
3907
3907
3908
3908
3908
3908
3909
3911
3912
3914
3915
3917
3918
3918
3919
3919
3920
3922
3922
3922
3923
3924
3924
3925
3927
3927
3930
3930
3930
3930
3931
3932
3935
3935
3935
3936
3937
3937
3938
3939
3939
3940
3941
3942
3942
3943
3943
3943
3945
3949
3949
3950
3951
3951
3952
3952
3954
3954
3954
3956
3956
3957
3957
3959
3961
3962
3962
3966
3967
3967
3968
3969
3969
3969
3971
3971
3972
3973
3975
3975
3978
3980
3981
3982
3982
3983
3984
3985
3985
3986
3986
3987
3988
3989
3990
3991
3991
3992
3992
3997
3998
3999
4000
4005
4005
4005
4005
4007
4009
4009
4011
4011
4012
4017
4017
4017
4017
4021
4023
4025
4025
4027
4027
4028
4029
4029
4029
4030
4032
4033
4034
4035
4036
4036
4037
4037
4037
4037
4038
4039
4040
4041
4042
4043
4043
4043
4044
4045
4046
4047
4048
4048
4048
4048
4049
4049
4049
4049
4051
4052
4053
4054
4055
4055
4056
4056
4056
4058
4058
4059
4059
4060
4060
4063
4064
4066
4066
4067
4067
4067
4070
4071
4071
4072
4072
4073
4074
4074
4076
4076
4078
4078
4079
4080
4080
4082
4084
4086
4088
4088
4089
4090
4090
4091
4092
4093
4093
4094
4094
4096
4097
4097
4099
4100
4100
4101
4102
4102
4103
4105
4105
4105
4106
4108
4108
4111
4111
4113
4115
4115
4118
4120
4124
4124
4125
4125
4125
4127
4127
4127
4128
4129
4129
4131
4134
4134
4135
4136
4137
4137
4137
4139
4140
4142
4142
4143
4144
4147
4149
4150
4151
4152
4152
4153
4153
4153
4154
4154
4155
4155
4156
4157
4157
4158
4162
4163
4164
4165
4167
4171
4175
4176
4176
4178
4178
4181
4182
4183
4183
4184
4184
4185
4187
4188
4189
4189
4189
4189
4190
4191
4193
4196
4197
4200
4201
4203
4203
4204
4206
4207
4208
4211
4213
4213
4214
4214
4214
4216
4216
4217
4217
4217
4218
4219
4219
4223
4224
4225
4225
4227
4228
4228
4228
4229
4230
4230
4231
4232
4232
4232
4233
4234
4235
4235
4236
4237
4238
4239
4240
4240
4241
4242
4243
4244
4246
4247
4247
4248
4249
4250
4252
4253
4253
4254
4255
4255
4256
4256
4256
4257
4260
4261
4261
4261
4262
4262
4264
4265
4267
4268
4271
4272
4272
4272
4273
4273
4275
4278
4279
4279
4281
4286
4286
4286
4286
4287
4288
4288
4289
4290
4290
4295
4295
4296
4297
4297
4298
4298
4298
4298
4298
4298
4299
4301
4303
4304
4305
4306
4308
4308
4311
4312
4313
4313
4313
4313
4315
4319
4320
4321
4321
4322
4324
4325
4328
4329
4329
4330
4330
4330
4330
4331
4331
4332
4332
4332
4334
4337
4338
4339
4339
4341
4341
4342
4342
4343
4343
4345
4346
4346
4347
4348
4349
4349
4350
4350
4351
4352
4352
4352
4353
4353
4354
4356
4357
4360
4360
4360
4360
4361
4361
4362
4364
4364
4365
4366
4369
4369
4369
4369
4369
4373
4374
4374
4376
4379
4381
4381
4383
4383
4384
4385
4386
4386
4386
4387
4388
4388
4390
4392
4392
4394
4394
4394
4394
4396
4396
4397
4398
4399
4400
4400
4402
4402
4404
4404
4405
4407
4408
4408
4410
4412
4414
4415
4416
4418
4418
4419
4424
4424
4425
4425
4426
4428
4433
4433
4434
4434
4436
4437
4438
4440
4440
4441
4442
4442
4442
4445
4445
4446
4447
4448
4450
4451
4453
4454
4455
4459
4461
4461
4462
4463
4464
4467
4468
4468
4469
4469
4470
4471
4472
4474
4475
4476
4476
4482
4482
4483
4485
4485
4486
4488
4493
4495
4496
4497
4501
4501
4507
4508
4508
4508
4508
4511
4513
4513
4515
4517
4518
4521
4522
4523
4525
4525
4526
4526
4530
4532
4534
4535
4535
4536
4537
4537
4538
4538
4540
4541
4541
4542
4542
4542
4542
4542
4545
4547
4548
4548
4549
4549
4551
4551
4552
4553
4553
4553
4555
4556
4556
4557
4561
4561
4561
4561
4563
4564
4566
4566
4567
4568
4569
4569
4569
4571
4571
4571
4571
4571
4571
4572
4573
4573
4573
4573
4575
4576
4576
4577
4577
4577
4580
4583
4583
4584
4585
4586
4586
4587
4588
4589
4589
4591
4593
4594
4594
4595
4597
4598
4598
4600
4601
4601
4603
4604
4604
4604
4605
4605
4606
4607
4608
4608
4609
4610
4614
4614
4615
4615
4616
4616
4619
4621
4621
4624
4624
4627
4627
4627
4628
4629
4630
4631
4633
4633
4635
4635
4636
4637
4637
4638
4641
4641
4641
4641
4642
4642
4644
4644
4645
4646
4647
4647
4647
4650
4651
4652
4653
4654
4655
4657
4657
4658
4658
4659
4659
4659
4660
4660
4662
4664
4664
4666
4666
4666
4666
4668
4671
4671
4672
4672
4673
4673
4676
4677
4679
4679
4683
4684
4686
4687
4690
4691
4691
4693
4693
4694
4695
4699
4699
4701
4701
4703
4703
4704
4705
4705
4707
4707
4708
4710
4711
4711
4712
4712
4716
4716
4716
4716
4717
4718
4718
4719
4721
4722
4722
4724
4724
4725
4725
4726
4726
4727
4727
4727
4728
4729
4730
4732
4733
4735
4736
4738
4738
4740
4743
4743
4745
4745
4745
4747
4748
4749
4751
4752
4752
4753
4755
4757
4758
4759
4760
4762
4764
4765
4765
4766
4767
4768
4769
4770
4770
4771
4773
4774
4774
4778
4778
4779
4780
4780
4781
4781
4782
4783
4784
4785
4785
4787
4787
4788
4789
4789
4790
4792
4792
4792
4796
4796
4796
4797
4798
4799
4800
4801
4802
4802
4804
4806
4806
4806
4808
4809
4809
4811
4811
4813
4816
4818
4820
4821
4821
4823
4823
4825
4828
4828
4829
4829
4829
4830
4830
4830
4831
4831
4832
4834
4836
4837
4839
4839
4843
4844
4846
4846
4847
4847
4848
4850
4852
4853
4853
4853
4854
4855
4858
4858
4859
4860
4860
4861
4862
4862
4864
4867
4868
4872
4874
4875
4875
4876
4877
4877
4879
4879
4879
4882
4884
4884
4885
4886
4886
4887
4890
4890
4890
4891
4891
4892
4892
4892
4893
4894
4896
4896
4899
4900
4901
4905
4907
4908
4908
4908
4908
4910
4911
4912
4912
4912
4913
4913
4914
4916
4916
4918
4918
4919
4919
4920
4920
4922
4926
4926
4926
4927
4927
4929
4929
4929
4930
4931
4933
4933
4933
4935
4935
4936
4937
4938
4940
4940
4941
4944
4944
4944
4944
4946
4946
4946
4946
4946
4951
4952
4952
4952
4952
4956
4956
4957
4959
4960
4961
4961
4962
4964
4966
4966
4966
4969
4970
4971
4971
4971
4972
4974
4975
4975
4977
4977
4981
4981
4982
4983
4983
4985
4986
4986
4986
4987
4988
4989
4989
4992
4993
4994
4996
4996
4997
4997
4998
5001
5001
5002
5002
5004
5006
5007
5007
5008
5010
5011
5012
5012
5013
5013
5014
5018
5018
5020
5020
5021
5022
5023
5026
5026
5026
5027
5030
5031
5032
5032
5033
5035
5036
5037
5039
5040
5041
5042
5042
5042
5043
5043
5045
5045
5046
5046
5049
5052
5053
5054
5055
5055
5055
5056
5056
5057
5058
5058
5059
5060
5062
5062
5063
5063
5063
5065
5066
5070
5070
5072
5072
5073
5077
5078
5078
5080
5080
5080
5083
5083
5083
5084
5086
5087
5088
5088
5088
5088
5089
5090
5091
5091
5093
5094
5095
5100
5100
5103
5103
5103
5104
5105
5106
5106
5107
5108
5108
5109
5109
5112
5112
5113
5118
5118
5118
5120
5122
5122
5123
5123
5127
5127
5128
5128
5129
5133
5133
5135
5135
5136
5136
5136
5136
5137
5139
5139
5140
5140
5142
5144
5144
5145
5145
5147
5147
5149
5150
5150
5153
5153
5154
5156
5156
5158
5159
5159
5160
5162
5162
5163
5165
5165
5166
5166
5168
5170
5171
5172
5172
5179
5180
5180
5180
5181
5181
5182
5182
5182
5183
5185
5185
5185
5187
5189
5189
5190
5190
5191
5191
5191
5192
5192
5193
5196
5197
5197
5199
5200
5201
5201
5201
5201
5201
5206
5206
5207
5207
5208
5208
5208
5209
5210
5210
5212
5214
5216
5216
5216
5217
5223
5223
5223
5225
5225
5227
5228
5228
5228
5229
5231
5231
5233
5235
5236
5236
5237
5237
5237
5238
5238
5239
5239
5240
5243
5245
5246
5246
5247
5247
5248
5248
5248
5250
5251
5251
5253
5253
5254
5256
5256
5257
5258
5258
5258
5259
5259
5260
5260
5261
5262
5263
5263
5265
5270
5271
5271
5273
5274
5276
5277
5277
5278
5278
5278
5278
5280
5280
5281
5281
5282
5283
5284
5284
5287
5289
5289
5290
5290
5293
5293
5293
5294
5294
5294
5295
5295
5297
5298
5298
5299
5301
5302
5303
5306
5306
5307
5308
5309
5309
5309
5311
5312
5313
5313
5314
5314
5315
5315
5315
5317
5317
5318
5319
5319
5320
5321
5322
5322
5322
5324
5326
5326
5327
5327
5328
5329
5329
5330
5332
5334
5335
5336
5336
5336
5337
5337
5337
5337
5337
5338
5338
5339
5342
5343
5343
5345
5347
5350
5350
5352
5352
5353
5354
5354
5356
5356
5357
5358
5359
5359
5361
5361
5361
5362
5362
5364
5364
5367
5367
5368
5369
5370
5372
5373
5373
5374
5377
5378
5381
5383
5383
5383
5386
5387
5387
5390
5391
5391
5392
5398
5400
5400
5401
5403
5403
5404
5404
5404
5407
5408
5409
5410
5410
5411
5411
5412
5413
5414
5414
5415
5415
5416
5416
5420
5420
5421
5421
5421
5422
5423
5425
5426
5426
5426
5427
5427
5429
5430
5430
5431
5431
5431
5431
5432
5435
5436
5439
5439
5440
5442
5444
5444
5444
5444
5446
5447
5447
5450
5451
5451
5453
5453
5453
5454
5455
5455
5456
5457
5458
5459
5459
5460
5460
5461
5462
5462
5465
5466
5466
5468
5468
5469
5470
5472
5473
5473
5474
5474
5476
5478
5481
5481
5482
5484
5484
5488
5489
5489
5490
5493
5493
5494
5496
5496
5497
5498
5499
5501
5502
5502
5504
5505
5506
5507
5507
5507
5507
5507
5510
5510
5512
5513
5513
5514
5515
5515
5516
5518
5520
5521
5521
5521
5521
5522
5523
5524
5524
5526
5528
5528
5530
5530
5532
5533
5534
5535
5536
5537
5537
5539
5539
5542
5543
5545
5547
5547
5548
5548
5550
5551
5552
5552
5555
5556
5556
5557
5561
5562
5562
5562
5563
5565
5566
5567
5570
5570
5571
5571
5573
5573
5573
5573
5574
5575
5576
5580
5581
5581
5582
5583
5583
5583
5584
5586
5587
5587
5588
5590
5590
5590
5591
5592
5592
5593
5594
5595
5596
5596
5597
5599
5599
5599
5607
5608
5608
5608
5612
5612
5612
5612
5613
5614
5615
5615
5616
5616
5617
5618
5619
5620
5621
5621
5622
5623
5626
5626
5627
5627
5628
5628
5628
5628
5629
5629
5631
5631
5632
5633
5634
5635
5636
5636
5637
5637
5638
5639
5639
5640
5640
5644
5645
5647
5648
5648
5649
5649
5651
5653
5654
5654
5656
5656
5657
5658
5661
5661
5662
5662
5663
5663
5664
5665
5665
5666
5667
5669
5671
5673
5673
5674
5676
5678
5679
5679
5680
5681
5682
5682
5683
5684
5684
5685
5685
5685
5687
5688
5691
5693
5693
5694
5694
5694
5694
5695
5696
5696
5697
5697
5698
5699
5700
5702
5704
5704
5704
5704
5706
5706
5707
5708
5708
5709
5710
5711
5712
5713
5716
5717
5717
5718
5719
5719
5719
5721
5722
5724
5726
5726
5727
5728
5729
5729
5730
5731
5732
5735
5735
5737
5737
5738
5738
5738
5739
5740
5743
5745
5746
5746
5748
5748
5749
5749
5751
5751
5752
5752
5756
5756
5756
5758
5758
5759
5760
5760
5760
5761
5763
5764
5765
5766
5767
5767
5767
5768
5769
5769
5770
5771
5772
5775
5777
5777
5778
5779
5779
5780
5780
5782
5783
5786
5787
5790
5791
5791
5791
5791
5791
5792
5793
5793
5794
5796
5797
5797
5797
5797
5798
5800
5800
5801
5801
5802
5804
5804
5805
5806
5807
5812
5813
5813
5814
5814
5815
5815
5816
5817
5818
5818
5820
5820
5821
5821
5821
5822
5823
5823
5823
5824
5826
5827
5828
5830
5831
5831
5831
5832
5833
5834
5834
5835
5836
5836
5837
5838
5839
5839
5839
5841
5841
5842
5842
5843
5843
5843
5847
5848
5849
5851
5852
5854
5854
5854
5855
5857
5857
5859
5859
5860
5861
5862
5865
5868
5868
5869
5869
5870
5870
5871
5873
5873
5874
5876
5876
5877
5877
5879
5880
5881
5881
5882
5883
5884
5884
5885
5885
5885
5885
5885
5885
5886
5886
5888
5888
5889
5889
5890
5891
5891
5892
5893
5893
5894
5895
5895
5897
5898
5899
5899
5900
5901
5901
5903
5906
5906
5908
5908
5909
5910
5911
5914
5914
5915
5915
5919
5921
5922
5924
5927
5927
5928
5929
5932
5933
5933
5934
5934
5934
5935
5935
5938
5940
5941
5941
5947
5948
5949
5950
5950
5951
5952
5952
5953
5954
5956
5956
5957
5957
5958
5959
5959
5960
5960
5962
5962
5963
5965
5966
5970
5971
5973
5973
5973
5974
5974
5975
5975
5978
5979
5980
5981
5981
5982
5984
5984
5985
5986
5989
5990
5990
5991
5991
5993
5993
5994
5994
5996
5996
5996
5998
5999
6001
6001
6002
6004
6004
6005
6009
6009
6011
6012
6013
6013
6013
6017
6021
6021
6023
6024
6026
6028
6028
6030
6031
6033
6034
6034
6035
6036
6036
6037
6040
6041
6042
6043
6043
6045
6045
6045
6045
6045
6046
6046
6048
6048
6048
6052
6056
6057
6058
6058
6059
6059
6059
6062
6065
6066
6067
6069
6070
6070
6071
6071
6071
6072
6073
6073
6077
6078
6078
6080
6080
6081
6081
6081
6082
6083
6084
6084
6085
6085
6089
6091
6094
6095
6095
6095
6098
6100
6100
6101
6102
6103
6104
6105
6105
6106
6106
6107
6108
6113
6115
6116
6116
6118
6119
6122
6122
6123
6124
6124
6126
6126
6127
6129
6132
6133
6133
6135
6135
6136
6137
6138
6138
6140
6141
6141
6141
6142
6144
6146
6146
6147
6147
6147
6149
6151
6151
6153
6154
6154
6154
6156
6157
6157
6159
6159
6159
6160
6160
6162
6164
6165
6167
6168
6168
6169
6169
6170
6170
6172
6173
6173
6174
6176
6177
6177
6179
6180
6180
6181
6182
6182
6184
6185
6186
6186
6187
6188
6188
6189
6189
6190
6194
6194
6195
6195
6195
6196
6198
6199
6199
6201
6201
6202
6204
6207
6207
6208
6210
6211
6215
6215
6217
6220
6223
6225
6227
6228
6229
6229
6230
6233
6233
6236
6238
6238
6239
6239
6239
6241
6241
6243
6244
6246
6247
6247
6249
6252
6253
6254
6255
6256
6258
6258
6258
6260
6263
6264
6264
6267
6267
6268
6269
6270
6271
6273
6274
6274
6274
6274
6275
6276
6277
6277
6278
6278
6280
6280
6280
6280
6280
6281
6282
6283
6284
6284
6286
6287
6288
6289
6290
6293
6294
6294
6294
6295
6298
6299
6301
6303
6303
6304
6304
6306
6306
6311
6311
6312
6314
6315
6317
6318
6320
6321
6323
6324
6328
6330
6330
6331
6331
6331
6334
6334
6335
6335
6335
6336
6338
6338
6338
6340
6340
6343
6346
6347
6348
6349
6350
6351
6352
6353
6356
6357
6357
6358
6360
6361
6361
6362
6364
6365
6366
6367
6367
6367
6369
6371
6372
6372
6373
6373
6374
6375
6376
6377
6378
6378
6378
6379
6380
6380
6380
6382
6383
6383
6384
6384
6385
6385
6386
6386
6387
6387
6388
6390
6391
6392
6394
6394
6398
6398
6399
6401
6404
6406
6407
6407
6408
6411
6412
6412
6413
6413
6414
6414
6417
6418
6419
6420
6421
6422
6423
6423
6428
6428
6430
6432
6433
6433
6436
6439
6440
6441
6443
6444
6444
6445
6446
6448
6448
6450
6451
6453
6453
6453
6453
6454
6455
6456
6456
6457
6457
6458
6463
6463
6464
6464
6465
6466
6470
6470
6472
6473
6473
6473
6474
6474
6475
6475
6476
6479
6481
6482
6484
6486
6486
6487
6487
6489
6491
6494
6494
6497
6500
6500
6502
6503
6504
6504
6506
6507
6507
6507
6509
6510
6510
6511
6512
6514
6515
6516
6517
6517
6517
6518
6519
6519
6520
6520
6520
6522
6522
6522
6523
6523
6524
6526
6528
6528
6528
6529
6530
6532
6535
6539
6539
6539
6539
6539
6541
6541
6541
6542
6548
6550
6553
6554
6556
6558
6559
6560
6561
6562
6563
6563
6566
6567
6567
6570
6570
6572
6573
6574
6574
6574
6575
6576
6576
6577
6577
6577
6578
6579
6579
6582
6584
6586
6587
6588
6588
6589
6590
6591
6593
6598
6599
6599
6600
6600
6600
6601
6603
6606
6606
6607
6608
6608
6608
6609
6609
6609
6609
6613
6613
6616
6616
6617
6619
6619
6621
6623
6624
6628
6630
6630
6632
6633
6633
6634
6634
6634
6636
6637
6638
6641
6642
6643
6644
6645
6646
6647
6648
6649
6649
6650
6651
6654
6657
6657
6658
6658
6658
6659
6660
6662
6662
6662
6664
6664
6665
6666
6667
6668
6670
6670
6672
6673
6674
6674
6675
6676
6676
6678
6678
6680
6681
6682
6682
6683
6684
6686
6687
6687
6688
6689
6689
6689
6691
6692
6693
6693
6694
6694
6695
6695
6696
6697
6697
6697
6698
6698
6699
6699
6700
6701
6702
6706
6707
6707
6708
6710
6712
6712
6712
6713
6713
6714
6714
6714
6715
6715
6716
6717
6719
6719
6719
6720
6720
6720
6722
6722
6724
6724
6725
6725
6725
6726
6727
6727
6728
6729
6730
6731
6731
6733
6733
6733
6734
6736
6736
6737
6737
6737
6738
6738
6739
6740
6740
6740
6743
6743
6744
6744
6746
6746
6747
6751
6753
6753
6754
6756
6757
6759
6759
6760
6760
6763
6764
6764
6766
6766
6767
6768
6770
6771
6773
6773
6775
6775
6777
6781
6783
6784
6784
6785
6785
6785
6786
6786
6787
6789
6789
6792
6793
6795
6797
6799
6800
6800
6804
6805
6806
6806
6808
6808
6809
6810
6813
6815
6816
6816
6817
6818
6819
6820
6820
6821
6822
6823
6823
6827
6827
6827
6828
6830
6831
6833
6833
6833
6833
6835
6835
6836
6836
6836
6836
6837
6838
6838
6839
6840
6840
6842
6843
6843
6844
6844
6844
6846
6848
6848
6849
6849
6850
6853
6854
6855
6857
6857
6857
6858
6858
6859
6859
6859
6860
6861
6863
6864
6864
6865
6865
6866
6866
6866
6866
6867
6868
6869
6870
6870
6870
6870
6871
6872
6873
6874
6875
6876
6878
6879
6880
6881
6883
6884
6884
6885
6887
6887
6887
6888
6889
6889
6890
6892
6892
6893
6893
6893
6894
6894
6895
6896
6897
6898
6900
6900
6901
6901
6903
6904
6905
6906
6906
6907
6908
6909
6910
6910
6911
6911
6912
6914
6916
6916
6916
6917
6917
6917
6917
6919
6920
6921
6921
6925
6926
6927
6927
6928
6928
6930
6930
6930
6931
6931
6932
6934
6935
6936
6936
6938
6939
6940
6940
6940
6940
6941
6942
6942
6943
6943
6945
6945
6947
6948
6948
6950
6950
6951
6956
6957
6957
6958
6958
6960
6961
6961
6961
6962
6962
6965
6966
6967
6967
6969
6969
6973
6973
6977
6978
6982
6983
6984
6985
6986
6988
6988
6989
6989
6990
6991
6992
6992
6993
6993
6993
6997
6998
7001
7001
7003
7005
7006
7008
7008
7008
7008
7009
7010
7010
7011
7012
7013
7015
7015
7015
7017
7018
7018
7018
7019
7021
7022
7023
7024
7026
7027
7027
7029
7030
7031
7032
7034
7034
7035
7036
7036
7036
7036
7037
7037
7039
7040
7040
7041
7041
7041
7042
7043
7043
7044
7044
7044
7045
7047
7049
7051
7053
7053
7055
7058
7058
7058
7059
7060
7062
7062
7064
7065
7065
7066
7068
7068
7069
7070
7072
7075
7075
7076
7077
7080
7081
7082
7083
7083
7084
7084
7084
7084
7085
7088
7088
7089
7089
7090
7092
7092
7092
7094
7095
7095
7095
7096
7096
7097
7097
7098
7098
7098
7100
7101
7102
7104
7104
7104
7104
7105
7105
7107
7108
7110
7112
7113
7116
7117
7119
7120
7123
7124
7124
7126
7126
7127
7128
7130
7130
7132
7132
7133
7134
7135
7135
7135
7136
7137
7138
7140
7140
7140
7142
7143
7144
7147
7147
7149
7151
7151
7152
7152
7152
7152
7152
7153
7155
7156
7157
7160
7160
7161
7162
7163
7163
7163
7163
7165
7166
7167
7168
7168
7171
7172
7172
7172
7175
7176
7176
7177
7178
7179
7180
7184
7184
7184
7184
7184
7186
7186
7187
7188
7188
7189
7190
7191
7192
7192
7193
7193
7194
7194
7196
7196
7197
7198
7198
7198
7199
7200
7200
7202
7202
7203
7204
7207
7208
7208
7210
7214
7216
7217
7217
7220
7221
7221
7222
7222
7223
7223
7223
7225
7226
7227
7227
7228
7229
7230
7230
7230
7230
7231
7231
7232
7233
7234
7234
7236
7236
7239
7240
7240
7242
7244
7244
7244
7246
7247
7248
7249
7249
7251
7253
7254
7255
7255
7255
7255
7256
7256
7256
7256
7258
7258
7259
7259
7260
7260
7262
7262
7262
7262
7263
7263
7265
7268
7269
7269
7269
7269
7270
7271
7271
7273
7274
7275
7277
7278
7279
7281
7282
7283
7284
7285
7286
7289
7290
7291
7292
7294
7294
7296
7297
7297
7298
7298
7298
7299
7300
7302
7305
7305
7306
7310
7310
7311
7312
7312
7312
7313
7315
7315
7315
7317
7319
7321
7322
7322
7323
7327
7328
7330
7331
7331
7333
7335
7336
7336
7338
7339
7339
7341
7343
7344
7344
7344
7345
7345
7346
7347
7348
7350
7350
7351
7352
7354
7354
7354
7355
7355
7356
7357
7359
7359
7360
7363
7364
7364
7364
7365
7365
7365
7365
7368
7368
7369
7370
7372
7373
7373
7376
7377
7378
7378
7379
7379
7380
7381
7383
7385
7386
7386
7386
7387
7387
7389
7389
7392
7393
7394
7394
7395
7395
7398
7398
7399
7405
7407
7411
7413
7413
7414
7415
7417
7417
7417
7417
7419
7419
7419
7419
7420
7421
7422
7422
7427
7428
7429
7429
7431
7431
7431
7433
7433
7435
7436
7437
7437
7437
7437
7437
7438
7438
7438
7439
7439
7440
7440
7441
7444
7444
7446
7447
7448
7448
7449
7450
7451
7451
7453
7456
7456
7457
7457
7458
7461
7462
7467
7471
7472
7473
7474
7474
7477
7477
7479
7480
7480
7480
7481
7481
7482
7483
7484
7484
7485
7487
7487
7488
7488
7489
7491
7492
7493
7495
7496
7497
7498
7499
7499
7500
7502
7502
7504
7506
7508
7508
7510
7510
7511
7511
7512
7513
7513
7515
7516
7518
7519
7519
7519
7520
7521
7522
7522
7522
7523
7523
7525
7527
7528
7531
7532
7532
7534
7534
7535
7537
7537
7538
7538
7538
7539
7543
7544
7545
7547
7550
7550
7552
7552
7553
7555
7555
7558
7558
7558
7559
7559
7560
7561
7562
7563
7563
7566
7566
7568
7572
7573
7573
7575
7575
7576
7578
7579
7579
7580
7587
7588
7588
7589
7589
7589
7590
7593
7594
7594
7594
7594
7595
7595
7596
7597
7597
7598
7598
7600
7601
7603
7604
7604
7605
7607
7607
7608
7608
7610
7612
7613
7613
7614
7616
7617
7618
7618
7618
7619
7620
7621
7622
7622
7622
7623
7625
7626
7627
7628
7628
7629
7632
7633
7633
7634
7638
7639
7639
7640
7640
7641
7641
7641
7641
7642
7644
7644
7645
7647
7647
7647
7649
7650
7650
7653
7653
7654
7656
7656
7657
7657
7659
7661
7661
7662
7664
7664
7667
7667
7669
7670
7671
7672
7674
7674
7674
7674
7675
7675
7675
7676
7680
7683
7683
7684
7686
7687
7687
7688
7689
7690
7690
7691
7694
7694
7694
7695
7696
7696
7696
7696
7697
7699
7703
7703
7703
7705
7706
7708
7708
7708
7709
7713
7714
7715
7716
7722
7724
7729
7730
7731
7736
7739
7740
7742
7742
7742
7743
7744
7744
7749
7750
7750
7751
7751
7752
7752
7754
7758
7759
7759
7761
7762
7768
7769
7772
7772
7773
7775
7780
7780
7782
7783
7784
7786
7786
7789
7789
7791
7792
7794
7796
7796
7797
7797
7800
7800
7803
7806
7806
7807
7808
7813
7814
7814
7814
7815
7815
7815
7816
7816
7820
7821
7821
7822
7823
7824
7825
7825
7828
7829
7832
7832
7832
7834
7835
7836
7836
7840
7840
7842
7844
7847
7848
7850
7851
7851
7853
7853
7853
7854
7855
7855
7859
7861
7862
7862
7862
7862
7862
7863
7864
7865
7866
7866
7868
7868
7870
7871
7873
7873
7875
7875
7875
7876
7878
7880
7880
7880
7881
7883
7884
7884
7885
7885
7887
7888
7889
7889
7889
7891
7892
7892
7893
7893
7895
7898
7899
7899
7900
7902
7904
7904
7905
7906
7906
7909
7909
7910
7911
7912
7912
7912
7913
7916
7919
7921
7924
7924
7925
7926
7926
7926
7927
7927
7927
7928
7928
7930
7930
7932
7932
7932
7934
7934
7935
7935
7937
7938
7938
7939
7939
7941
7944
7944
7945
7945
7947
7948
7949
7950
7952
7954
7955
7958
7958
7959
7959
7960
7961
7961
7962
7963
7963
7964
7965
7966
7967
7967
7967
7968
7969
7970
7970
7971
7971
7971
7971
7971
7973
7974
7974
7976
7977
7977
7977
7978
7980
7983
7983
7983
7985
7986
7986
7987
7988
7989
7990
7991
7993
7993
7994
7996
7997
7998
8000
8002
8003
8003
8005
8005
8006
8007
8007
8010
8011
8011
8012
8015
8015
8016
8017
8018
8019
8019
8020
8020
8021
8021
8021
8022
8022
8023
8024
8025
8025
8026
8026
8027
8027
8028
8029
8029
8030
8031
8032
8032
8033
8033
8033
8036
8038
8038
8040
8040
8043
8045
8046
8046
8047
8047
8047
8049
8050
8052
8052
8052
8053
8054
8054
8054
8055
8057
8058
8058
8058
8059
8059
8060
8061
8061
8063
8063
8065
8068
8069
8070
8070
8071
8072
8074
8074
8074
8075
8076
8076
8079
8079
8081
8081
8082
8083
8083
8084
8084
8084
8088
8088
8089
8089
8090
8091
8091
8091
8094
8096
8096
8097
8098
8099
8101
8102
8104
8104
8105
8105
8106
8107
8108
8111
8113
8113
8113
8114
8114
8117
8117
8118
8118
8119
8119
8120
8121
8121
8121
8122
8122
8124
8125
8126
8127
8127
8127
8127
8128
8129
8130
8130
8133
8133
8133
8134
8137
8137
8139
8142
8143
8143
8144
8145
8151
8151
8153
8153
8154
8158
8159
8160
8163
8163
8165
8165
8165
8166
8166
8166
8167
8167
8167
8168
8168
8169
8169
8170
8171
8171
8171
8171
8173
8173
8175
8176
8177
8180
8180
8181
8182
8182
8184
8184
8185
8185
8185
8185
8187
8187
8189
8189
8190
8191
8192
8192
8194
8198
8198
8199
8200
8202
8203
8203
8203
8204
8205
8205
8205
8206
8207
8208
8209
8210
8212
8212
8213
8215
8215
8216
8218
8219
8222
8224
8226
8226
8227
8227
8229
8229
8233
8234
8237
8241
8241
8242
8243
8244
8246
8248
8248
8248
8251
8251
8253
8253
8253
8253
8254
8254
8254
8256
8256
8257
8257
8259
8259
8259
8259
8260
8260
8262
8262
8263
8264
8267
8268
8271
8272
8274
8275
8275
8275
8275
8279
8280
8284
8284
8287
8289
8291
8292
8295
8297
8299
8299
8300
8300
8302
8303
8304
8306
8306
8307
8307
8307
8308
8309
8309
8309
8311
8312
8314
8314
8314
8315
8318
8318
8318
8321
8321
8324
8327
8327
8327
8330
8333
8333
8334
8334
8335
8337
8337
8338
8338
8339
8340
8341
8343
8343
8343
8344
8345
8345
8349
8349
8349
8349
8350
8350
8352
8352
8353
8355
8356
8356
8357
8359
8359
8364
8365
8365
8366
8370
8370
8371
8371
8372
8376
8376
8377
8377
8378
8378
8378
8379
8380
8380
8381
8383
8383
8383
8384
8386
8388
8389
8394
8395
8401
8404
8405
8405
8406
8406
8407
8407
8408
8409
8409
8410
8412
8413
8413
8416
8416
8416
8417
8417
8417
8417
8418
8419
8419
8420
8424
8426
8428
8428
8428
8429
8431
8435
8436
8437
8438
8439
8439
8441
8441
8441
8442
8443
8443
8443
8444
8445
8446
8448
8449
8451
8451
8455
8457
8457
8460
8460
8461
8462
8464
8466
8468
8469
8470
8471
8472
8474
8474
8475
8475
8475
8476
8477
8477
8478
8479
8481
8481
8482
8483
8485
8486
8487
8487
8487
8490
8490
8491
8493
8493
8493
8494
8495
8496
8496
8497
8497
8499
8499
8501
8501
8501
8502
8503
8503
8504
8504
8506
8506
8506
8508
8508
8510
8510
8511
8512
8513
8513
8514
8514
8515
8515
8518
8520
8520
8521
8522
8522
8523
8523
8523
8523
8523
8524
8524
8524
8527
8527
8527
8529
8530
8531
8533
8533
8534
8535
8537
8537
8538
8539
8539
8539
8539
8541
8544
8545
8546
8546
8547
8547
8549
8552
8555
8555
8555
8556
8557
8561
8561
8561
8563
8564
8565
8567
8568
8571
8572
8573
8574
8575
8576
8576
8577
8578
8579
8581
8581
8582
8583
8584
8586
8587
8590
8590
8592
8593
8596
8596
8597
8598
8599
8600
8600
8602
8602
8602
8602
8605
8605
8605
8606
8610
8611
8613
8614
8615
8616
8617
8620
8620
8622
8622
8622
8623
8623
8623
8624
8625
8626
8626
8627
8631
8631
8632
8632
8632
8632
8635
8635
8637
8638
8641
8641
8641
8641
8641
8642
8642
8642
8643
8645
8646
8647
8649
8649
8650
8651
8652
8654
8655
8657
8657
8658
8659
8661
8662
8664
8664
8665
8668
8668
8671
8671
8672
8672
8674
8674
8674
8676
8676
8676
8676
8676
8677
8678
8679
8679
8681
8681
8684
8686
8686
8691
8692
8692
8692
8693
8694
8694
8694
8695
8699
8700
8700
8701
8702
8703
8705
8705
8706
8707
8707
8708
8708
8709
8709
8709
8709
8710
8710
8710
8711
8713
8713
8716
8717
8719
8719
8721
8724
8726
8727
8732
8733
8735
8735
8735
8736
8736
8738
8740
8741
8742
8742
8742
8743
8743
8744
8744
8745
8745
8745
8745
8746
8748
8748
8748
8748
8751
8751
8751
8752
8753
8753
8754
8754
8754
8755
8756
8757
8758
8760
8761
8762
8763
8764
8765
8766
8766
8768
8768
8769
8769
8769
8769
8770
8770
8771
8772
8772
8774
8774
8776
8776
8777
8779
8780
8782
8783
8784
8785
8785
8786
8786
8787
8787
8788
8789
8789
8790
8790
8791
8792
8793
8794
8795
8795
8795
8797
8799
8799
8800
8800
8801
8802
8802
8803
8804
8804
8805
8805
8806
8806
8807
8809
8811
8812
8812
8815
8816
8818
8819
8821
8823
8827
8827
8828
8829
8831
8831
8832
8834
8835
8838
8839
8839
8840
8841
8841
8843
8845
8847
8849
8850
8853
8853
8855
8855
8855
8856
8856
8858
8860
8862
8864
8865
8865
8866
8869
8869
8870
8870
8870
8874
8874
8875
8876
8878
8878
8878
8879
8880
8880
8880
8881
8882
8883
8884
8884
8884
8884
8885
8887
8888
8889
8890
8892
8893
8900
8903
8907
8908
8910
8913
8913
8914
8915
8915
8916
8921
8922
8924
8924
8925
8929
8929
8930
8931
8933
8934
8934
8935
8936
8937
8938
8938
8939
8940
8941
8942
8942
8943
8944
8944
8945
8945
8946
8948
8948
8949
8950
8951
8953
8957
8957
8958
8960
8960
8960
8960
8961
8962
8962
8966
8966
8966
8967
8967
8968
8969
8970
8970
8970
8971
8974
8976
8976
8977
8977
8978
8980
8981
8982
8982
8983
8984
8984
8986
8986
8987
8987
8990
8992
8993
8996
8997
8999
8999
8999
9000
9000
9001
9001
9003
9004
9004
9006
9006
9006
9007
9008
9010
9012
9012
9012
9014
9014
9015
9015
9017
9017
9019
9019
9023
9024
9026
9028
9029
9030
9030
9032
9034
9038
9043
9044
9044
9044
9045
9045
9046
9046
9048
9049
9050
9050
9050
9051
9052
9052
9053
9053
9054
9054
9054
9055
9055
9056
9056
9058
9061
9061
9062
9063
9063
9065
9065
9066
9067
9068
9068
9072
9073
9074
9074
9077
9078
9081
9081
9082
9083
9086
9089
9092
9092
9095
9096
9096
9097
9097
9099
9099
9102
9103
9104
9105
9108
9112
9112
9113
9113
9118
9120
9120
9121
9123
9126
9127
9128
9129
9131
9132
9133
9133
9133
9135
9135
9136
9137
9139
9139
9143
9143
9143
9144
9144
9145
9146
9146
9146
9148
9149
9149
9150
9150
9150
9151
9151
9152
9152
9153
9153
9154
9155
9155
9156
9158
9160
9160
9162
9164
9165
9169
9169
9170
9170
9171
9173
9174
9177
9177
9178
9180
9181
9182
9185
9186
9187
9189
9190
9191
9191
9192
9192
9193
9194
9195
9195
9195
9195
9196
9198
9198
9198
9199
9199
9200
9200
9201
9202
9205
9205
9206
9207
9208
9209
9209
9210
9211
9211
9212
9214
9214
9215
9216
9216
9218
9219
9223
9224
9225
9225
9226
9228
9229
9229
9230
9231
9231
9232
9233
9233
9234
9234
9235
9235
9237
9237
9237
9238
9239
9240
9242
9243
9243
9243
9244
9244
9245
9246
9248
9249
9249
9250
9250
9251
9251
9253
9254
9254
9255
9255
9256
9257
9257
9258
9258
9259
9260
9261
9261
9261
9262
9265
9265
9265
9266
9267
9268
9269
9269
9271
9272
9275
9275
9277
9279
9280
9281
9282
9283
9284
9288
9288
9288
9289
9291
9292
9292
9293
9294
9294
9295
9297
9298
9300
9300
9301
9302
9302
9305
9306
9306
9307
9310
9310
9310
9312
9312
9316
9319
9321
9323
9324
9324
9326
9326
9326
9328
9329
9329
9330
9331
9333
9333
9333
9333
9334
9335
9335
9335
9337
9337
9337
9337
9338
9339
9341
9346
9347
9347
9348
9349
9350
9350
9350
9350
9351
9352
9353
9355
9356
9356
9357
9357
9357
9360
9361
9362
9364
9364
9367
9368
9369
9370
9371
9372
9373
9378
9379
9380
9380
9381
9383
9383
9384
9385
9385
9387
9388
9388
9388
9388
9389
9389
9392
9392
9393
9393
9393
9394
9396
9397
9397
9398
9398
9402
9402
9402
9403
9404
9404
9406
9407
9407
9407
9408
9409
9409
9409
9411
9412
9413
9414
9420
9421
9421
9422
9423
9423
9423
9425
9427
9427
9428
9428
9429
9430
9430
9432
9433
9433
9435
9437
9437
9439
9442
9442
9442
9443
9443
9444
9445
9446
9447
9450
9451
9451
9453
9454
9455
9456
9456
9456
9457
9457
9458
9459
9461
9461
9461
9462
9463
9464
9464
9465
9466
9466
9466
9467
9467
9468
9470
9470
9471
9471
9471
9471
9472
9473
9473
9475
9476
9476
9476
9477
9477
9477
9477
9479
9479
9480
9481
9482
9483
9483
9484
9485
9488
9488
9488
9490
9494
9495
9495
9497
9497
9499
9500
9501
9502
9502
9502
9504
9504
9506
9508
9508
9509
9512
9512
9512
9513
9514
9514
9515
9515
9515
9515
9517
9517
9520
9520
9521
9522
9522
9529
9529
9531
9532
9534
9535
9535
9536
9537
9538
9541
9545
9545
9545
9545
9545
9547
9548
9549
9551
9551
9552
9553
9553
9554
9558
9559
9561
9561
9563
9563
9564
9564
9567
9568
9568
9569
9569
9569
9570
9570
9571
9571
9572
9574
9574
9574
9576
9576
9577
9578
9578
9579
9579
9579
9580
9581
9583
9583
9583
9584
9584
9585
9585
9585
9592
9595
9596
9596
9597
9597
9598
9599
9599
9599
9600
9601
9602
9603
9605
9606
9607
9607
9608
9608
9608
9609
9609
9611
9611
9612
9614
9615
9615
9615
9618
9618
9619
9619
9620
9621
9621
9622
9627
9628
9628
9631
9631
9634
9636
9639
9641
9642
9643
9643
9643
9644
9645
9646
9648
9650
9651
9654
9654
9656
9656
9657
9657
9657
9659
9659
9660
9661
9663
9664
9664
9665
9666
9666
9669
9669
9670
9670
9670
9671
9672
9672
9675
9675
9676
9677
9678
9679
9680
9680
9680
9682
9683
9683
9684
9684
9684
9686
9687
9688
9689
9690
9690
9691
9692
9692
9698
9698
9699
9699
9700
9701
9702
9704
9705
9707
9707
9708
9714
9715
9716
9716
9717
9718
9718
9719
9719
9720
9722
9722
9723
9723
9724
9727
9728
9731
9732
9733
9735
9735
9738
9745
9745
9745
9748
9750
9750
9751
9751
9751
9752
9752
9752
9753
9754
9756
9756
9760
9764
9764
9766
9766
9767
9768
9769
9770
9771
9771
9772
9774
9774
9775
9777
9778
9780
9781
9781
9782
9784
9784
9784
9784
9786
9786
9786
9787
9787
9790
9791
9793
9794
9794
9796
9798
9799
9800
9800
9801
9801
9801
9802
9802
9804
9805
9805
9807
9807
9807
9807
9808
9810
9811
9814
9815
9816
9816
9816
9818
9819
9819
9821
9821
9822
9824
9824
9825
9825
9826
9826
9827
9830
9830
9833
9835
9836
9837
9838
9838
9838
9839
9839
9840
9842
9842
9843
9844
9845
9848
9848
9848
9851
9851
9852
9852
9854
9854
9856
9856
9856
9857
9858
9861
9861
9863
9864
9867
9867
9870
9871
9872
9874
9874
9874
9876
9878
9880
9882
9883
9884
9886
9887
9887
9889
9890
9892
9892
9893
9893
9893
9895
9896
9899
9901
9902
9904
9904
9906
9906
9908
9910
9910
9910
9910
9911
9911
9912
9913
9914
9914
9915
9916
9916
9917
9917
9918
9918
9921
9921
9922
9923
9923
9924
9924
9924
9926
9927
9933
9934
9934
9935
9939
9940
9941
9942
9942
9942
9943
9943
9943
9944
9945
9945
9947
9950
9951
9951
9951
9952
9952
9953
9953
9956
9957
9958
9960
9960
9962
9962
9963
9964
9966
9967
9967
9967
9968
9968
9969
9970
9970
9971
9972
9972
9975
9976
9976
9977
9977
9979
9980
9982
9983
9984
9984
9987
9988
9988
9989
9989
9991
9992
9992
9992
9992
9992
9996
9996
9998
9998
9999
9999
