3095
7558
8275
4699
5684
9378
9924
302
9471
496
8571
7142
6269
5813
9923
7274
9688
9717
7885
3527
2932
537
4239
2839
2636
808
1270
47
7674
5910
2599
7062
2229
1302
3508
8493
8789
1341
8490
6352
9330
4485
838
9255
5290
8650
9992
5673
2050
9237
4223
2046
8980
898
244
8142
758
8880
7539
3499
4875
8036
9316
6969
835
1562
7944
1190
1198
9194
6911
4585
221
5507
1798
6731
5657
9398
1149
1884
9181
7298
5127
4308
4542
5271
1483
3400
492
4729
4615
9972
7296
979
6260
7387
9189
4197
2356
6456
4099
8284
472
6943
2678
7357
6910
4470
9341
3677
2488
5258
5055
5040
2392
9983
7816
4092
6343
3975
8960
4153
4053
9326
4045
4551
3770
2976
879
5868
5915
2967
7161
777
7528
3509
6448
168
5571
1483
7579
2612
8091
6276
3114
7124
2310
2241
5012
6757
4749
6385
1512
1187
1777
3068
3973
1060
2187
4908
4357
98
5857
713
5828
7395
2069
9056
5694
2935
8311
4975
1590
413
4187
3951
3956
5921
8133
2206
3526
438
6065
8121
711
1180
3919
6098
5468
1438
6539
9300
4907
6059
2923
2624
9335
5055
7825
8018
9942
8878
7808
2565
6083
5260
2364
3520
687
3116
6522
2348
7683
3939
1222
3298
5760
5719
7508
2918
3591
8153
4686
4154
4261
2972
6844
7008
9766
6930
9409
1617
3787
6274
6338
8819
7110
1655
1745
9913
9201
9592
6840
3341
2782
1119
5618
9475
1481
6649
4867
5530
6122
8745
5207
6644
1575
9113
2200
719
6422
6638
5001
3535
2352
5766
943
9914
9185
7825
7104
4240
8012
841
9715
4469
8076
1376
3399
2989
7589
1253
3808
2035
4248
4386
3211
661
7589
9956
7971
5823
5691
280
652
1266
7275
3279
333
2625
9467
3661
4171
7928
1254
8772
3168
7498
6160
504
5354
1829
8600
991
8831
5156
1350
5415
7647
3761
7315
3763
978
4308
7176
7188
3312
6957
1263
1984
6783
3194
6598
9249
9943
3397
9346
108
8818
5838
7775
9437
9951
7152
8501
3164
1637
8754
2647
8254
3956
4508
1446
8058
7736
8996
9922
2981
4647
276
8464
4461
2601
4298
5798
8383
2072
5228
9171
3766
5661
1781
3837
2673
4329
1249
1458
2607
2773
6033
6720
2937
8113
2731
8992
6252
7369
1665
8412
1473
9942
5372
834
2155
9584
1780
1200
925
8657
4207
1119
5765
9461
2677
3821
3513
3038
8763
6466
9836
5299
8564
1412
7437
3288
8416
406
5293
1993
9967
8795
3339
3201
2551
7608
6781
5991
3118
5496
4733
1591
9988
2793
5950
3231
6927
1379
5337
4832
2597
9801
4760
404
3232
7144
2606
9791
6225
4764
9682
7341
4388
6642
5398
971
8523
2408
9032
5442
7545
7649
1716
5022
9454
7829
3876
5214
8122
9012
1573
3699
2112
9659
5895
4219
5528
7311
8624
3863
4049
1895
3806
9912
1281
9398
5848
6969
2426
8165
9231
630
3324
5216
8182
4538
7217
439
8523
7958
7096
7268
2657
7821
2385
2108
8795
9292
5362
5150
8167
8119
8260
2217
6181
3423
5837
9675
4691
8127
6650
2387
3527
4486
6665
2024
7415
527
65
9650
3400
8539
4830
3942
5201
4641
8461
3008
3643
7259
6384
4985
8503
706
3694
2471
6476
6372
7594
276
2700
9553
734
6470
146
9686
7797
1277
2907
4144
4482
5628
9118
7986
5168
4975
3688
6578
9830
3003
3800
7117
8774
883
1252
2459
5043
2806
5383
5261
2237
9253
4759
4691
9243
8306
4839
2090
3283
4149
9350
7458
4472
152
1489
2798
1073
5474
7084
3797
6146
9297
2712
7269
2842
8752
946
1975
1096
3272
9976
1629
1354
1283
1737
1560
6243
9627
7319
6983
9944
1905
9563
7961
6920
9306
5078
7555
3414
6900
1616
6670
4228
2518
2591
5191
7021
8549
4084
5834
9439
5459
6517
2041
4820
9889
9443
6901
1996
5830
2313
9248
5032
9880
1200
5497
4549
2086
6992
4086
6930
3432
8471
1648
6176
9294
9679
6280
7510
1814
6048
5928
3198
6233
7794
8244
6688
8821
7068
2878
7192
7013
9838
8233
9078
6859
199
9910
7491
9328
6948
1722
2379
8275
3078
1425
2427
3565
4959
6539
6887
6486
8504
4644
5400
144
6962
3922
9105
5088
807
9799
5629
301
2796
4662
2983
3489
2134
6515
3142
5980
7573
1411
2210
1720
1185
3907
5095
88
8592
5524
8021
3529
1026
1619
4561
1354
1465
1623
1500
1160
5208
9508
9150
930
4614
3180
2367
4332
8671
3237
162
3566
9224
5510
670
5628
9229
3723
3434
7489
8184
3943
3316
2596
7792
2121
3310
2349
5212
5336
629
2593
3362
3160
9135
6376
8913
6942
5345
7184
7207
7456
6299
9643
448
8597
2705
6835
556
652
1462
2573
2411
6105
3831
5851
5671
6874
4577
284
8126
5128
4944
2798
3867
360
4725
7236
2752
6897
2034
3218
6562
7096
6582
3925
6609
2214
6608
2512
3235
6940
417
3360
6700
7965
3619
833
3867
8105
8128
1178
6660
5547
4288
2436
5685
3752
418
2344
4600
6759
4774
1669
2324
7904
8165
3985
9568
9805
5342
807
8309
5309
1486
3375
8063
6247
3115
9723
4944
5276
4653
5277
9921
3381
4042
8774
2614
1324
4060
2281
6012
1862
8192
4542
833
4029
1902
3155
2000
2620
5248
6141
456
3028
8082
7244
1721
5996
6932
9404
7290
1493
9262
6600
1225
6475
1
4009
112
9447
2310
3468
4256
8977
1061
5729
4701
4787
1380
703
6294
8793
8026
8838
975
4789
6383
6860
7949
1087
1394
6985
1789
9609
8070
9198
1617
8256
5818
3680
4440
1182
5556
1715
537
7437
4217
1089
620
2022
1515
5162
3621
6887
8208
1301
5885
819
9195
7780
2607
4804
249
9893
6284
8187
8649
5717
7180
6024
5769
7696
4290
8709
4090
1651
2810
2988
1215
9427
1409
4474
1911
8982
2049
2619
5797
3118
3656
2052
6184
7126
2228
7151
8364
7653
4253
7969
7228
7248
2655
7656
9265
9564
7298
1152
7244
1137
6904
2005
8700
6058
7650
6514
8701
9992
6719
5592
6157
3398
738
1338
7436
3624
3855
5877
1584
5533
3971
8205
689
899
6141
5843
6919
7417
4588
2882
5679
1551
8582
3961
2212
106
1665
5651
8576
3237
5410
8130
606
8641
2145
4426
8922
3596
4853
3161
2936
9055
5537
8084
1678
3250
6586
9677
2943
3114
7492
5329
8389
9427
6616
8733
6298
6280
3924
8865
1299
7855
7935
7085
474
5010
5367
7928
4806
2744
9225
1679
409
1202
4748
8970
4854
1521
1419
1066
3693
8676
5821
5743
1924
3007
6931
1350
9123
4712
845
6896
7932
4347
3753
8429
5654
6142
6633
2583
3557
8478
7680
6204
1895
4120
8472
5251
6253
8740
4131
8623
7012
5387
9389
5697
6335
9337
3034
1431
5027
941
8545
4659
9422
7694
7876
359
2965
1704
3083
7036
3593
7092
4076
5522
1829
821
1466
1538
3799
1215
7543
6255
552
1042
4598
3018
7674
7092
7650
9269
1581
8428
6356
4079
9150
986
4997
9310
5228
8789
1057
7851
40
4189
9268
6247
9464
4094
8212
8476
8216
8246
5258
6526
767
813
4286
9808
7225
883
2398
243
6
6616
1690
7640
6654
9381
9199
4231
3935
1352
3951
8280
7365
5484
9561
5999
6132
4583
6331
309
1445
5901
1376
2369
3707
8961
8167
7413
5648
1308
5026
4933
8321
3414
6311
7058
2611
913
9191
9428
8977
4246
8760
9495
3123
1687
9874
3196
4140
1363
5826
6593
7216
4792
3118
1803
2848
9698
4646
1262
84
2818
3875
2975
2452
9578
559
5377
8642
468
1824
7435
3735
9890
5970
2587
3001
8337
4080
8676
8309
8167
4495
5539
1967
4747
7927
9120
3188
6067
527
5359
2520
6520
6116
4501
2640
215
742
4312
9310
6833
7487
4912
7221
2241
7184
8314
9784
3373
7481
9579
9139
3990
2821
2576
9669
1594
784
836
5193
6217
8438
156
9360
5140
2410
6268
1596
7249
3407
4892
715
8443
3782
5989
3470
7047
2453
9494
3509
2369
112
1411
1321
37
3143
3116
6998
9081
5180
5532
5843
8631
2159
1160
7664
1273
5336
1591
3354
9133
2096
8753
7629
2216
4732
5824
3399
2103
5350
2099
2021
7840
3802
1314
6588
4007
3851
2427
1478
5612
1472
219
1416
8274
4254
792
1772
7803
3298
1451
8335
7742
8139
1099
56
7419
9202
644
3908
2037
440
9815
5403
9870
5738
5163
7440
6945
9603
7009
5498
7880
7134
8709
7354
8173
7015
9216
2824
4190
1853
9402
1134
761
4757
4189
8209
8983
9326
4485
2152
8502
1325
4708
4346
5407
2949
2098
7912
4726
1172
5777
3300
1199
3453
1102
4349
29
4765
3012
5144
1397
3212
8474
6141
5842
8163
2493
2443
2210
9092
4184
4360
3006
6378
2063
9816
631
6942
1132
6041
6699
7667
5456
3722
3094
7758
2571
694
8501
5014
2695
3633
7286
2356
4703
5885
7420
3591
8365
7961
1503
2103
6464
8999
7168
1523
6988
8409
8345
2905
4236
6199
8019
130
4834
8735
3585
3048
9615
3545
8986
3668
3614
8966
6868
7544
8059
9237
7196
1046
2226
6241
498
2091
6113
8827
3600
2588
3295
8063
331
9067
6102
9477
9139
9414
7947
8679
1429
4908
2911
8218
1903
860
286
1099
323
6621
2724
311
3621
5284
3135
4054
687
3541
3424
5654
6100
2697
7675
4064
128
6967
5790
5704
1694
5427
6815
1414
708
6768
8445
8284
4937
2723
8568
4100
599
5013
2045
8168
5996
5253
6570
29
2378
8840
7312
3052
2349
9357
2757
8094
2540
1890
5049
9044
7081
2412
9585
864
3380
6103
7135
6404
844
123
339
4005
6756
5751
1082
1819
2036
4252
9205
9752
630
7176
8645
5298
9457
4830
5201
5823
4644
8799
4058
2396
8600
7495
9174
4074
5815
726
968
9606
635
8761
4369
7875
1486
3188
1008
613
4641
8735
5109
5709
9753
9146
4659
732
244
1470
6451
4710
3386
9250
7365
7269
1822
9719
7186
5895
4946
4272
205
709
3146
817
6744
3168
9914
1331
4738
6154
377
8513
4606
3870
2774
402
9935
5006
9657
483
9471
7639
9155
2992
2783
7987
1231
1535
2104
2058
170
9066
8177
5142
798
7959
7610
9266
8794
6805
4548
5133
6078
325
1843
4305
1361
1827
5756
4155
997
9295
4360
3254
787
5948
8587
8409
496
5253
7230
8121
5793
8999
7960
4844
2811
1311
5707
2012
1715
7376
3499
1939
1892
1872
313
6553
719
1585
6030
8376
1324
2215
3731
5640
4398
5595
6509
8652
7253
3819
5590
8679
1133
7083
4758
9324
20
4668
4513
9458
4569
519
8025
5696
4208
4615
5444
9962
3986
8160
9833
4936
5857
784
6836
4352
3784
8256
1145
671
7873
1974
7429
2329
7377
9499
9472
3802
7966
6436
6286
7112
6080
9423
6101
5320
6773
8924
8664
1497
7967
805
6738
7072
9672
4572
879
1089
1126
1903
3268
6423
4041
4442
2783
8785
336
538
2313
6394
9004
8457
439
610
621
7163
2912
5358
3592
5172
5833
8504
5658
1796
7948
8372
9334
8976
951
4017
2650
3581
4273
4072
128
27
4743
9989
2800
4989
2197
9551
8915
7217
7104
6133
418
1952
9535
790
5420
7299
5386
7197
3751
3391
2107
5160
7230
9807
3506
483
7561
5165
756
5958
4267
861
1587
2296
2644
9654
2664
2429
774
9230
2189
2835
1940
5153
6167
8966
8982
9485
5313
9611
5994
3085
1252
7759
437
8527
3170
1980
8151
1860
7522
3540
4813
2148
5941
7373
9599
3132
8855
3050
4265
1509
4113
3842
6264
7538
3068
1312
3434
6246
7136
6406
6119
5183
7098
6238
1343
9811
8379
3854
473
4437
8957
5991
4971
5172
8098
5002
8855
1201
4789
7480
4962
4330
5681
7493
9024
3032
8768
5960
7659
7521
9675
6258
2035
7163
9233
3272
4687
7742
6707
7262
4433
7045
604
6706
9160
3633
8381
3635
6831
7641
9814
3660
803
2849
9265
1744
8945
9622
9513
8259
6702
3412
9816
147
4176
6004
7165
7714
7177
2710
7372
8577
9861
6871
3680
8874
3081
414
1772
3930
1083
664
2655
4825
4080
8190
85
2344
416
8705
2442
4901
9030
4034
1161
5070
3235
1055
5347
1760
819
5981
5084
8330
7399
3967
623
5315
1873
9569
6993
741
8735
8547
7331
276
2382
5621
9969
8751
8287
4428
3655
5122
103
9838
5235
4405
3937
9583
2870
1525
7998
5801
2005
2205
8205
7393
6412
8321
5493
8732
7041
1846
6334
2510
326
1281
6928
3962
968
3019
500
4043
8133
4445
7847
5293
5978
9470
892
5337
9786
2038
6512
9404
8475
4142
1177
707
8203
8359
9608
7572
7696
5139
1886
1628
7868
9731
7035
5729
9583
8990
1857
3795
3591
7515
5239
6676
3138
6908
6858
608
6340
5767
4589
7499
8900
3506
8865
2822
9680
9001
8175
3150
1249
5263
3714
9585
7978
2879
1155
4989
1658
7294
6572
6759
7265
6048
6573
4981
7198
6323
365
4009
9639
971
4088
8314
162
4235
1975
928
7488
3549
1534
1308
4442
462
2446
5090
8163
7993
4043
7588
4237
2414
3848
7036
1911
4111
4605
245
5908
1047
4811
1878
4183
6295
8166
333
1562
1711
1617
3364
5086
1525
776
7555
797
773
6182
3442
7883
5109
6727
8264
4571
3795
3048
1429
3918
5821
2187
7336
7750
909
7862
4334
4424
7887
1706
4728
4576
9840
962
1719
7743
4982
3042
8695
3519
1014
8782
1637
9367
390
9212
5678
3257
1727
1090
5590
3337
4830
8441
5986
4313
5431
1380
1426
6591
5590
8921
7422
4952
3028
173
4908
9541
6563
5791
5708
7251
407
2282
8272
6842
5008
6670
2314
6283
5383
3881
5892
6028
6357
366
7575
8784
9979
2599
296
2543
6129
9127
7077
5573
5791
4408
6808
6934
9137
8483
5493
1471
1706
543
7926
5880
41
9312
657
6869
2112
1872
3058
5020
7239
7084
1690
4977
8684
9477
4196
7484
772
4407
944
5436
9827
3190
5054
661
3540
3107
3992
8021
9669
4319
5756
341
5938
6823
6005
5147
6989
7773
4101
9387
7703
5063
2273
7198
3022
9056
6153
523
1058
2493
2178
5489
7925
8395
5282
9751
8015
6707
7095
9466
5259
9455
2101
9430
7202
9046
6378
336
6338
5667
5328
9648
218
8692
5166
8764
3525
3646
43
1919
4288
8958
9488
7192
5322
1722
1817
5647
8343
7350
4952
8882
2961
7315
4469
5870
7851
3938
6486
8185
4339
1478
1639
7964
6420
7223
7143
6766
5381
4610
767
7644
5314
4621
943
5108
8709
5369
8518
8417
6960
2913
285
6689
1129
6575
4129
3377
5874
1902
9596
6186
772
6474
9727
7573
297
723
2814
1018
5283
3968
4536
8870
4571
5791
4705
1275
2825
7595
6893
5793
9245
6135
5516
4586
8025
9015
1965
2547
235
911
7120
5127
2794
9538
1211
6078
8380
5228
1000
8306
4049
9019
8394
5122
4048
9848
8523
9135
9164
9732
7075
6179
5971
6013
3207
2754
6419
4912
2459
6857
8617
9896
2453
8291
5144
2484
5088
9851
9026
9479
57
1771
2261
7481
2426
4115
1381
1771
2369
8309
2258
4440
8892
7196
5622
999
8707
509
6717
3372
4241
8966
561
6574
5361
5236
8849
355
9169
2304
9646
9096
773
8169
8962
4829
6731
7149
1069
4253
7255
5280
5373
9867
267
9952
2057
6775
9892
9407
6634
8496
1587
783
391
4356
8598
4156
8491
5843
19
4082
3845
5170
9984
6864
3372
7563
8386
1188
3693
9569
8017
7622
2035
7889
2068
7089
7457
3828
9102
3323
5870
6961
8708
1942
3646
5583
9801
8703
3369
9512
1881
9012
7451
7338
9182
9283
3319
1383
1282
1901
488
3276
5922
3321
3174
7310
9467
9269
3313
1600
2052
1111
1934
6833
7832
6641
8843
4787
8318
7171
752
7782
5735
1979
1747
7875
3715
8215
9384
8933
544
3387
2276
609
784
814
5644
1142
5973
6367
1295
3263
956
693
828
9702
4532
8883
33
2739
825
5179
450
4961
8546
6201
2898
146
627
3232
353
3401
5231
3458
3747
117
4525
9657
8248
1549
454
2515
4861
3430
7193
3034
3486
1202
5083
6081
4566
1475
4718
6138
533
2909
6973
8788
4796
778
6273
4882
4264
7095
2099
5607
345
9051
863
6365
9006
1575
481
5862
3455
2009
1838
2953
2599
9451
8370
1070
4475
104
289
8869
9771
8527
2220
2863
117
2672
7043
5952
9120
467
2929
4637
3083
4232
8072
2784
7234
4664
7594
7706
2042
1819
4929
5352
6011
5523
6043
5182
375
5238
3382
3935
8522
1577
1236
7279
1024
1607
5259
8800
13
4225
9388
872
669
5615
2461
8676
9689
837
901
9878
9570
3296
7988
985
7806
1840
5597
6085
2492
3152
2241
6190
2693
208
3512
887
8081
4628
8318
2452
9443
7429
9705
8029
4035
8853
9522
494
5990
7008
9767
2427
8187
6606
9756
2113
5956
9892
5210
2216
7983
2794
6725
7924
7088
6936
2477
8987
9886
8506
2065
4017
4295
6787
3562
9534
6288
7037
1196
1666
8924
7742
5780
8751
3272
8134
4365
7828
4017
9397
8806
7386
7971
4298
4424
4454
5488
9621
5190
4463
649
8910
918
4330
1291
3823
5414
2417
6137
4956
5404
4467
641
19
8271
4549
5982
2510
6364
69
2218
4214
2885
95
3694
1041
9132
6792
919
6428
2984
2728
6870
1540
9666
7909
8165
2301
2239
8442
2961
9014
6169
9766
760
9380
5596
5153
1200
890
890
266
578
506
9916
8555
9665
6278
2582
7694
8203
6719
4998
3241
9259
4911
6473
3620
9784
7985
6073
2939
4541
2366
7878
3887
3206
7379
9968
6695
7060
5581
1518
3013
2493
8967
5391
2307
4067
3306
8539
3723
6687
5123
7124
6726
8074
8627
7550
5884
9048
7024
8408
4666
3601
9240
6487
5106
8605
2181
3326
7532
9867
4716
7019
7675
9407
7520
9552
234
5206
3860
1085
7172
7015
5053
9383
723
9383
5317
7639
8481
9097
8300
7345
7562
2544
9193
4879
3619
3522
3295
9722
7027
7900
7722
4853
2431
7708
4313
1846
7188
4383
37
4337
5885
3623
3631
7762
9893
6504
2393
7559
6182
2991
7242
3096
2032
5247
3125
6916
2085
4442
2963
1321
1889
4249
5308
8047
5431
4952
7669
9218
3366
5777
9044
6347
922
5731
2431
3546
5599
1407
306
2161
2513
8350
9951
8944
5295
5026
5711
5768
2349
5752
3591
910
9992
3943
8614
7983
7317
7368
6330
6202
3923
721
2291
7135
2255
5952
9615
7234
8485
1312
1572
9819
3700
1355
4189
7853
9371
4381
7708
7168
975
8960
1821
1806
686
7417
5451
5975
5582
4926
1115
1554
1599
7363
4598
1040
9599
5504
1541
4286
7500
1600
3461
1495
4036
9225
6233
3587
24
4563
1023
5185
831
5782
4059
6844
7175
5556
303
8061
8406
9456
9708
316
8510
1066
4242
4836
3039
5289
7523
3827
2855
1331
4278
3114
2964
300
8104
9239
9690
1256
5548
4797
4320
8943
3235
8413
8213
5548
2359
4931
2080
3025
33
6095
4597
2779
2027
2990
8787
9918
6895
4580
970
8477
494
2104
874
3544
7132
8637
3254
3986
5113
6873
7256
5901
9723
4052
3518
5732
5414
1422
3458
2197
1342
9692
3479
6506
5796
3281
8383
307
3691
934
2281
5185
286
1702
1080
8353
1323
3144
3087
4211
8711
4537
6009
1110
3493
6613
5909
3842
4994
4802
2334
6081
8487
4185
376
5562
4097
2146
7622
172
4573
4604
3049
3700
6989
2262
2403
1899
2455
6876
3418
2559
4637
7473
24
1324
423
8229
3518
1527
860
2611
7913
8487
2016
4730
2029
6048
3271
8742
8797
1901
9784
4410
8957
8538
9772
4796
4287
5963
6870
5550
5849
3116
2589
4788
6664
5797
8084
8839
2254
6058
9578
2949
7910
4829
6045
1026
441
3824
6522
6719
1032
4699
5583
1781
7305
9446
1650
2462
5216
6708
346
913
6786
1180
3147
6760
9535
9397
5551
3935
4808
3581
4224
7963
2811
1238
66
3701
9568
5869
1949
9442
6507
7385
8776
8960
9234
7789
2833
7919
3673
3945
3369
6105
1545
9155
8060
5135
3727
5326
2830
6866
2624
7796
5089
7899
8858
5718
4067
1464
8534
4204
5957
1027
8426
762
950
3632
8651
2898
6813
6754
3343
8880
6838
4843
6720
6727
1411
9615
8189
6997
2404
484
9819
8437
9298
9288
5512
1521
1236
9470
8736
5137
6821
6230
1352
180
5629
9208
2136
8202
7339
6909
9910
3917
5460
4234
6541
6458
1733
9242
5021
5039
405
5927
4651
6914
6950
1941
697
9851
202
3051
8417
2959
1617
8047
3162
4011
8785
2348
8253
8137
6223
1330
5746
6482
6185
6827
5587
976
9462
4438
1298
6159
4501
753
9302
831
7938
6439
6737
7496
5927
8884
61
3435
4255
3217
7604
6785
6037
5201
8783
7667
284
9335
6198
3156
4184
7233
1030
991
5337
8661
8769
5256
456
5270
9904
9442
7993
6643
1507
7437
5552
4476
2680
4441
8753
2738
8474
1899
4847
5818
8417
7051
9126
1326
4711
8632
7653
5281
7595
9481
8738
6940
7023
1408
1761
6201
3115
6893
5536
6475
6628
733
57
2136
7863
9228
1739
5685
8047
46
8930
7884
6375
9350
162
5740
6714
8625
4627
6445
1909
2130
8726
3087
9933
491
5238
8686
7421
4660
3034
9972
4392
1387
8295
7739
9645
1305
5730
7229
1593
605
5906
7674
1078
8455
5412
7589
8816
3155
2264
7868
5240
3119
9609
5794
4642
5451
4298
4666
9209
8253
2940
3586
1859
5197
4956
1274
31
5588
6905
9839
2618
6188
691
201
8496
2691
7439
1933
9488
8242
5431
9887
9145
676
9214
7752
5696
6870
7105
9600
9924
2842
2601
937
1800
8055
9966
5704
7519
1168
9333
1504
5959
143
361
9196
4508
3534
584
1656
9500
3378
6820
5869
8555
1637
7098
6487
1725
8334
4415
7333
1648
3423
7398
2653
4461
7163
7343
8681
2099
4946
8153
2546
659
8970
296
6151
4571
6123
6866
3002
6682
2136
8259
247
2370
5893
3696
8210
6331
5881
3128
6124
2819
2017
1095
8529
7108
9950
2660
5154
2302
2285
26
9466
9876
1345
3428
3071
8227
1375
7186
4342
8556
1126
9768
9459
8786
2425
4821
1500
6927
5770
4929
9177
2369
8324
7119
7483
8866
5077
3746
7414
4261
294
7260
1964
7740
297
897
1831
1991
1646
1659
130
230
5746
4535
7444
1776
4404
4396
4139
1564
3621
4412
8913
2236
3084
578
6301
3466
8307
3499
5225
2827
6497
1778
508
5136
6453
404
7939
9643
2588
4434
5248
174
4399
8804
5791
3119
4940
8890
5041
9927
4718
286
4103
7370
300
2277
1597
9858
6828
3253
6912
2804
8114
4657
5453
6084
8089
5839
9144
99
6668
6698
86
6646
3841
7683
343
2883
3650
930
7715
4213
7306
779
6160
2206
9337
2524
2317
860
6676
1890
6879
6836
2268
9148
8341
3851
2377
9207
7625
4436
8418
6872
4118
259
5020
6808
2449
2880
8605
2729
5045
7815
4476
4823
9103
8413
5062
7754
7346
7789
9551
6456
7864
9760
1396
8327
279
6858
5065
8416
1371
1441
3108
3583
213
3545
7204
5335
4784
203
719
579
187
4724
4455
966
4216
3577
4217
9780
2721
6777
6258
1226
3154
4203
5805
2583
7094
661
5949
5470
8449
2318
788
4884
3927
9356
2606
324
56
7383
9053
9154
3385
7791
5841
3949
2032
216
6180
2317
5820
4707
8719
2731
5278
7113
748
3616
8744
2432
6554
9718
2224
2976
1062
251
2448
6271
4828
7859
7934
3704
1274
7709
8419
2987
4877
4542
8059
7614
6315
5674
5400
6848
380
673
7634
1182
4037
37
4671
9631
3474
5018
2987
7354
2288
2471
1364
7431
7684
3673
6613
3011
555
5254
6045
1725
384
6926
8539
9389
8307
3182
4137
1397
3420
4655
3281
7327
9244
8539
8832
5893
9339
207
6070
6448
6084
9612
3783
4488
4313
6984
1794
8075
1156
3985
9643
105
2620
1218
1846
9435
7184
4030
7138
5587
8003
5993
304
3695
2148
6789
7967
984
3208
8074
8262
4727
1686
2287
2685
2278
7487
2901
168
5236
4089
4404
2448
7042
9670
2588
8960
2507
1333
5133
8121
8033
7269
9810
9074
7618
6290
1768
1296
7018
3997
2093
5166
1425
5612
8292
4809
7797
347
9796
8555
66
1597
2320
2530
3918
5187
9186
396
5201
8984
2928
2753
7906
22
9504
5004
6925
7433
776
1703
5231
511
9918
2275
996
5752
2542
9537
2472
7247
778
6736
5066
1589
6619
5571
6751
822
4886
1534
4162
2602
3386
5885
7641
4571
7030
1441
4067
5118
8823
9288
781
4624
6383
6168
6548
3486
4386
2007
9684
577
4601
9450
3103
8180
3497
6472
5306
3667
718
2379
9265
5058
1952
8658
8027
9191
2728
757
9608
5957
5052
3575
9030
1078
7862
3073
803
5636
6563
9473
9357
6867
3511
8446
5461
5839
6045
390
3907
7566
1244
3014
9570
6530
5350
5973
7628
9406
970
9229
416
9425
1881
3623
3391
7587
3429
8371
1687
3611
2485
6353
375
3211
4038
9231
9281
3290
1948
6367
6349
4716
8678
9971
5882
3999
4127
1000
6479
2708
880
8349
864
935
2242
5854
8428
3453
5490
7105
6371
522
574
9004
3717
4988
6619
577
8790
5608
8537
6760
765
5855
6414
2759
1740
4188
5311
1008
3178
9149
1934
7095
2251
3627
1436
9774
9921
8487
8159
9216
6428
1827
7855
3654
1660
7419
1819
4137
5800
5950
8665
6421
4935
1565
5834
3061
7244
9214
1339
2929
6239
7613
7336
5233
1717
7568
9771
2365
9249
438
8754
1059
5908
9483
3327
1347
4993
2074
3480
5994
1419
3712
2863
4153
3311
5800
3469
578
8606
1913
5319
5775
6147
5256
8626
5807
9379
3083
7938
9421
5682
2732
6094
6238
2289
4102
6928
7815
3461
5455
7672
905
3252
9745
7040
3930
9209
4182
8602
1537
6071
5760
8102
3614
729
6147
6304
2179
232
544
3302
8259
278
2478
7446
9206
8583
4247
7462
6838
6127
8876
5726
9545
2054
6806
4575
8251
3048
4522
5831
1831
8378
5416
4396
2690
3927
6849
4390
756
8184
9826
7034
9267
2161
4321
9456
7102
1144
8339
5062
9348
8593
4887
3197
2910
8469
5427
7601
447
1297
2105
9943
4023
8299
9029
7039
46
1663
2022
6408
5411
7431
9750
3922
1521
1001
4552
5007
9899
6634
3693
7315
3316
5552
6883
5499
6077
5446
6907
9034
5612
9704
853
9277
4261
4846
6698
4896
9000
3686
3318
7194
3142
4074
7312
4916
5361
1040
5543
5959
2432
208
2634
6162
7628
4800
6196
4987
3706
44
3363
3789
1972
6289
7364
1407
8470
4664
6108
7989
2466
3456
3013
7888
1425
2500
2307
577
4567
2971
1378
3580
145
5695
334
343
2958
1973
3199
7552
311
7963
3135
8046
9388
3088
6360
2016
2221
1852
7151
5298
434
4944
9735
1343
311
7417
2564
7152
9143
190
5693
8497
1315
2281
1613
8613
4063
1347
6822
1360
3226
3943
6082
402
1817
4136
7255
1380
5295
2510
2646
2618
698
188
4593
7065
956
8765
4695
5426
4868
7485
2477
1052
9337
3316
2986
4864
836
6413
6335
8862
3031
6773
1409
4717
413
3966
5524
399
8974
6771
9942
274
9279
5638
3046
5635
8757
4165
4511
5854
3588
8572
7189
3056
3256
7027
5562
365
2527
6520
6941
7310
7617
1800
8079
258
9917
8694
5444
8949
8033
6494
5091
4526
3157
4547
9754
9953
3861
4244
5665
934
7433
6062
4616
769
243
2059
3184
608
2629
4232
8451
2547
5484
8180
1538
21
8253
9508
6697
1770
6394
2211
2240
721
7152
5575
2945
3256
2640
911
7952
3982
8377
2168
8812
7523
3615
5871
3185
5756
5162
1456
3448
355
4557
4573
5596
3516
9408
5915
3033
9506
6541
6678
6674
9199
5956
2021
3519
314
2075
392
194
3275
9958
7246
4228
4858
3615
1603
1569
4630
9602
2646
1085
1073
1991
392
5217
4072
8716
3280
8694
5521
846
4972
4829
8349
3957
1619
5432
1757
4970
37
1017
688
6917
4483
6357
474
8327
3211
1619
8769
5584
6764
6743
6369
5854
1848
950
9807
5876
4711
4070
2203
5698
6600
9716
2302
1031
5315
8241
3331
9967
1769
6921
5842
8074
1613
7089
4823
8300
12
5181
2738
2602
919
2859
5639
4279
3682
7647
4517
7675
6164
876
6004
5661
7807
3452
4839
3421
8377
1740
4770
641
6601
7
3797
633
7822
5934
3573
5761
9497
3712
9916
2051
8171
1948
7255
2710
4616
5088
3981
5751
619
9388
2784
9618
5891
3304
636
2477
5899
7231
3596
4657
2968
7575
9068
5974
6747
670
5881
6730
4966
8371
5476
750
6059
8925
8501
6861
2272
5468
1388
5802
7231
6026
2707
7893
4666
6606
4608
233
2508
1949
167
4037
5306
5981
3323
3221
1960
7255
1365
3132
7911
7160
9437
5056
6733
3860
2245
7427
3565
6440
870
1033
6725
8523
161
4875
4631
2016
6712
6502
2831
4586
6965
2656
5507
9884
3863
7945
3128
7532
3838
506
6849
2867
428
6318
2131
4021
9595
3193
9028
3847
1917
4216
6481
3201
399
6263
6990
5058
5783
5513
1577
6682
3596
247
1912
9529
9428
408
9136
3361
7256
9369
9271
3610
2356
7866
4545
2706
107
501
8279
5294
7448
2219
2679
786
6607
1949
9684
6361
5185
5940
1661
9698
3198
1069
236
583
2325
8117
9173
3147
3959
6764
862
5919
1786
7945
5885
1025
7977
1930
2812
833
3561
102
1194
6081
3830
690
9964
1465
1148
1308
193
660
3873
8951
5683
2011
4111
9683
2664
2076
1488
5112
6888
5031
1746
5935
9482
8212
2266
509
7351
3540
5780
8493
4736
5362
5080
8521
874
2390
9257
5669
2375
3494
9512
4296
6993
4745
2181
8407
8000
9226
2501
6528
4635
2181
6367
7344
9787
433
272
4913
9466
5322
6046
8772
6843
6697
3354
1927
5091
1715
3646
9651
7044
2571
3878
5700
8971
9333
3692
934
1039
3912
8939
1048
3290
1934
7365
1024
2725
827
9536
2075
3051
856
7003
1535
2127
1499
430
8143
7258
5717
7983
8953
940
2887
2337
4352
6948
3314
4727
5506
9707
7018
919
2901
4058
4629
7705
1634
2172
9798
5694
5246
173
8641
7166
3809
7970
4666
9690
3045
4627
5423
9152
5229
5555
2334
2236
4927
7840
4996
5979
8944
4726
8052
2571
4330
5966
5216
751
7036
3443
2086
8015
5822
1381
8170
8795
2128
8806
5836
2192
4414
7010
8486
1795
1042
12
725
3643
2918
8676
6961
9211
6052
1844
6106
5581
5708
1770
33
9306
4577
6559
6784
917
4400
4262
8935
9352
14
4576
1924
4885
2653
572
6398
7439
4507
3693
7262
6034
216
7123
4891
1868
4913
8443
3024
3055
2254
6850
5260
2031
1364
37
3190
6693
7223
6804
9195
246
1200
7172
1718
4782
9719
7284
6986
2582
9086
5960
3823
6277
1721
1377
5447
4482
973
5277
9531
2983
7044
5626
1687
1505
9786
2822
9614
3268
6584
5619
8219
7291
9963
1174
7302
3502
7263
9982
1312
7724
8333
5505
8443
5271
8318
5570
5688
2448
9835
3423
7214
8503
6035
2599
1956
1428
9848
281
2603
4228
134
6823
299
6683
7313
3402
8344
2248
3930
8623
433
8198
3101
4094
1094
350
7354
2779
4243
7898
6958
2837
9821
6693
9502
1852
4951
2894
5680
1025
6417
7419
6853
149
3054
9977
535
7699
4977
6338
923
1193
5636
1336
9234
5457
8724
2813
6658
5439
5100
6069
2428
4227
412
8755
5370
1310
5621
9664
8999
4273
2804
3915
5706
304
1161
8122
7761
294
964
6510
7670
1234
4059
2613
3120
1168
4345
8520
4297
4178
1126
8805
9911
1596
4175
8855
7194
8032
6274
8065
4033
8878
7497
4874
1769
8605
8016
8257
4946
4983
9924
7906
4816
9198
5898
8257
443
2732
3626
5251
8227
409
6694
4573
4341
5526
746
8692
386
150
6146
3987
7378
6524
9714
6746
4100
5758
1878
1331
4240
777
9143
9473
1900
4879
2423
5889
3735
7836
7289
7842
3445
6519
3680
4673
9192
5107
6786
4493
3095
9844
4200
1802
8638
2942
1093
5313
9329
1145
8192
596
2046
9250
896
6574
5070
987
8388
7977
424
99
4796
9146
5507
640
4679
5831
8021
8040
6170
9752
5324
9310
8441
8635
7752
2490
1269
4561
7924
6898
1794
8343
4831
5284
7844
5791
4891
5078
7974
4268
9553
3924
5462
7821
8719
7256
3248
3696
7360
4792
437
1192
6358
473
1160
5001
6630
6962
9238
9664
3344
8475
6239
8800
4633
5764
2293
2919
2423
2626
3232
3263
7368
3684
9099
8304
2591
6036
5951
9906
1981
8088
1449
3313
424
9576
6107
1753
7594
7899
8668
9521
2121
3690
8428
3044
6894
8022
2105
9514
9044
7525
1591
2917
5087
5415
1519
5847
1063
967
8727
3697
3535
9421
4298
630
9718
928
4419
6095
2490
296
8987
5975
5060
1874
1293
70
5171
7037
9778
2636
9960
4658
3983
3779
1900
9072
3895
5494
8234
9605
7645
720
9548
2521
538
6733
2965
3635
2359
6734
360
5343
9480
1784
6532
7848
9077
1515
61
1583
8054
8672
8743
5309
7563
7836
9329
7893
6165
722
524
5330
2341
7364
8615
6560
8158
3737
8632
2215
4281
3386
9433
9970
6453
1607
8541
9678
1497
2791
5934
2766
456
4828
1908
9243
816
3445
691
2904
655
6013
9794
7955
1010
4032
2307
1032
8091
1262
2740
5472
1870
8248
2273
1782
712
7160
9364
3002
6973
3149
11
2335
3069
3747
883
6911
8657
6785
8406
2654
7032
3564
1135
9915
793
1225
7750
6579
3940
4048
2268
1136
9561
60
1588
2687
7156
3631
3180
4671
6500
402
5591
2565
1127
1337
5897
1853
7348
469
5454
5387
8420
3108
9863
5535
2541
931
4322
1158
957
7203
1269
669
9871
2713
4614
2369
7389
5663
6170
5666
8355
5513
456
4966
9547
7730
1721
7001
9275
3013
3743
7378
7783
2215
5759
6689
9092
5409
908
4037
9050
1035
8114
6042
3972
9284
859
5055
3640
2846
9953
8742
861
1719
7537
6916
5694
9554
6280
2936
3898
9235
269
9128
181
2426
2986
4247
4271
3991
6457
3236
7871
5404
9095
9515
9468
608
9495
6126
6503
5583
1494
6287
9512
4591
8870
6180
2307
4525
1113
1805
1399
6118
7484
7713
3411
7618
909
6036
9061
8090
3659
1750
3232
8938
5737
1749
7066
4690
6334
4722
4944
9654
348
1153
7558
5685
5594
6186
5374
3575
3760
6028
7891
2160
5103
2529
868
1969
1403
9517
9432
5294
7015
864
5474
8841
475
75
2562
7005
5859
3487
7413
2919
2375
273
9323
2415
5699
937
531
6373
7538
778
7813
6789
7884
3420
4683
3693
1657
5573
1341
2486
7664
7654
1992
973
2273
9825
1498
8118
2972
6073
6988
8950
3500
5026
8620
815
4163
9751
2390
8841
1346
1242
1647
2459
6725
8677
958
5656
8058
784
4568
8054
6940
5932
7126
2283
6144
6636
8052
2064
9787
8259
2216
7271
4526
4392
5421
3593
31
2566
7932
5832
3221
9200
1638
4899
7504
8130
8096
3656
7330
8802
1132
3123
2350
8805
9856
9989
716
6270
5797
4752
1077
4946
8333
1470
6001
1079
2226
2706
4811
5083
3767
3222
5806
608
6494
5123
3231
6917
4534
5103
8758
9392
3373
2817
1337
5367
9802
2048
4295
2846
3632
1497
431
7930
5136
9456
8602
1508
4910
1117
8875
1769
1933
1383
978
2623
5018
7823
9479
2722
2146
899
4601
1165
6609
2899
7347
68
9144
8144
7223
2685
4394
7152
7627
6159
9683
511
5453
2290
3398
9775
4595
6806
2385
6320
6387
3392
4143
7866
7596
5327
6474
4071
7008
5501
3338
8206
7438
1633
4735
9258
704
5633
8647
4425
1326
3812
252
1920
7260
2453
3165
3900
4647
2084
6599
8531
1160
1287
4128
9545
7538
7854
8976
7950
8654
3348
1901
5637
1264
9121
593
9392
8533
1180
7626
2215
8508
990
8766
4151
4798
2162
1976
9895
1771
1256
1651
485
802
553
6274
3919
4029
468
3274
4766
3399
5911
1405
701
4299
8602
3428
6951
6938
5573
2184
8366
3560
4929
1773
72
6900
4348
9211
1572
8978
7190
9050
3579
3975
9097
8745
5265
1393
6453
5307
2826
7152
7273
975
2265
5140
3198
9355
3684
3796
9261
9941
7971
8024
9233
717
7448
404
7559
5145
1592
2290
1010
2030
4647
8475
939
9497
3858
8881
7221
1128
8710
3212
9150
679
862
1647
9282
1882
6921
1366
2634
5860
9738
7967
5521
2642
5337
2898
1591
2695
8439
7438
6303
6917
5614
3665
2563
5429
2327
6691
5239
8611
758
7824
3931
5145
5199
2096
4154
3798
6684
165
5615
2666
1430
6608
4855
4785
128
5520
7041
4521
1572
41
7618
2002
8101
9293
1222
8642
3875
5993
2113
8561
1213
6687
7011
2376
5873
8699
8105
6673
8655
132
5664
1162
3500
6465
2517
8524
1954
5877
1416
963
9156
9752
2367
5769
5758
9940
6199
3507
1243
7769
8229
1623
5073
9661
8490
9720
2696
2612
4324
7921
7688
6455
6818
6746
7199
4852
2576
5593
6961
5586
9984
8616
1386
8815
7018
8302
1567
6793
3914
9901
371
3077
391
9992
9477
4799
5924
3407
5702
2126
5888
2760
5289
3635
2664
7580
7236
5262
4860
8107
6450
3357
8590
7980
8154
3
4806
9205
8267
7632
5043
1844
7502
242
9133
2232
9805
5032
902
8751
8706
6943
1534
92
7512
555
6710
5444
9854
3043
2652
9910
6330
8106
389
9045
1370
4374
8681
2355
1045
622
4535
411
1808
3476
6713
6539
6189
9597
1267
6637
2062
3865
3941
1392
8839
4740
1152
8119
6274
5192
2805
9038
4379
8668
4553
2293
7147
9484
4005
4459
659
9014
1881
6647
6174
175
2096
1573
2393
7297
9999
3500
7167
9394
1368
936
6348
3969
9515
8089
1683
3375
5627
8792
8779
5191
2414
3056
9012
3643
8254
3152
8807
6957
6046
8748
1484
6135
1206
3163
9445
6264
3263
4753
9096
92
7210
4329
7162
3430
8506
3854
2294
3084
5426
4518
8908
6303
6649
9532
5431
4262
3178
2552
9351
7974
2536
1005
3789
4848
6863
2096
9061
151
7814
6304
5565
1740
5760
1189
772
5640
8337
953
6878
1301
8942
8878
9300
5258
4125
5083
2952
3201
4892
3750
2726
8198
541
4447
2150
126
7519
6839
877
8929
9464
4108
9571
9910
7502
738
2768
7786
2261
3967
2976
5821
5378
7411
326
9017
3678
6785
2860
6207
4679
191
2552
1456
7616
9926
8410
6453
7689
1126
5697
715
1849
6282
3758
1086
1687
4115
4369
81
4569
9987
6511
8631
8915
9065
5813
7394
8497
5684
1414
9350
3952
5973
6384
8040
4566
7622
6013
1848
3410
928
6454
5496
3422
3246
6577
1560
1153
2428
4315
6816
6865
2123
672
8937
7285
3252
7271
4056
9657
5990
1979
3192
2746
7278
420
5459
5042
8050
5093
1981
3982
1706
3166
7997
9338
2315
8417
5112
7934
7889
1969
315
2801
9065
8199
1301
3772
1864
2335
2176
8986
9515
8847
4778
3323
492
5639
6516
6280
7598
2131
5030
8736
4230
1966
7036
3457
6678
5057
4818
3139
1622
8185
1367
7566
3745
1991
5201
1627
4298
9008
1133
3896
6473
3765
7488
6229
8741
8845
1952
4556
3807
4142
4152
2798
6089
954
8620
7815
6930
966
5401
4659
784
4806
7832
1115
3592
2900
6991
6504
956
2112
9619
9656
9618
6177
7759
6189
652
7850
7834
7187
2473
4583
9751
6106
1768
3767
1742
2337
5237
9923
6195
1156
9777
4508
672
2636
8802
2883
2340
357
8948
5778
6023
5645
1114
8744
4137
8567
230
9666
7510
2079
2608
9333
6775
2249
2054
8903
9001
4722
1105
9261
866
1992
7135
7519
2757
1461
578
56
7428
6071
3429
6138
1821
4331
6390
6574
6034
119
5317
9321
8185
1943
519
9802
7916
3390
4727
5135
9790
2335
1674
360
5996
4260
2717
3267
1435
971
7262
1814
6147
849
3027
1948
5767
1526
3418
5510
6576
1392
6350
4387
7590
5100
7283
698
1146
5823
1871
7140
2899
6154
1733
1942
1955
4124
1647
8780
3877
5425
1367
8914
4181
6681
2802
9052
4619
8547
5466
4821
8790
1528
6278
7300
3522
6500
7912
9402
9509
9854
5763
1672
7227
9433
5542
3278
9804
1476
5738
3086
7959
9660
5460
319
6382
5105
5623
8189
8557
3765
4553
8254
487
5521
9952
9872
3344
9794
1337
4573
529
6672
3141
5984
7179
7471
3793
4642
6843
5263
7184
8237
5094
4542
7991
898
6433
5278
6740
9477
9232
8769
1212
3014
8713
9423
5632
8299
2836
2442
1963
2856
6241
9545
1707
9361
7254
9393
5209
9574
7364
8610
7862
925
4005
7053
7973
8942
2644
1875
1247
2807
7240
2153
5894
2512
7598
3544
3130
2121
5827
2705
1218
8207
4603
7405
3240
9597
8481
5634
8691
6159
7467
9073
7249
8962
9160
6124
2321
1944
9545
3590
9195
7751
330
4275
5613
8113
1196
3454
5954
1918
5056
3305
3377
4037
4225
1951
704
6378
5935
1894
9970
2929
6836
5984
2420
929
1092
4048
8512
1379
3862
5929
5612
5738
6441
5042
1538
876
2293
6294
7389
958
2880
5225
6797
687
3193
2548
8327
3115
804
7041
9068
4607
2002
8338
9251
8108
1373
5404
5190
3860
8173
3793
3462
4434
2202
4555
7116
8646
5518
9476
445
990
3206
2626
7657
4768
5797
9104
7553
275
8005
7480
242
5182
8203
7069
8530
4056
8533
7092
7270
5886
6931
114
2445
8052
3296
8544
5373
9619
2651
6444
120
6576
4214
6154
5466
5724
4298
6519
8674
3528
3061
9934
9099
7297
1905
1635
3270
1993
4178
1292
885
9430
5836
9680
5334
8916
5007
7607
4986
7605
9520
6722
5745
6281
421
4660
132
9545
5772
2525
9151
3372
760
4471
4201
2493
1114
7097
1745
9700
3560
1289
2695
7600
732
2798
148
4134
44
292
9062
5411
4289
5721
9292
6045
3766
9764
8091
9000
463
8853
443
6885
3075
9463
2881
2357
7976
7522
9977
3179
938
3998
3631
5599
6215
2258
4330
4350
4650
4569
1863
5567
5314
6950
253
9409
7694
3438
4594
1856
2391
9444
2474
2710
4394
7731
8038
5118
2000
6228
1825
6195
5884
2527
4306
9063
5649
9998
4894
3952
7534
5868
9998
4589
2406
9517
9049
2631
9312
5719
8574
2770
2408
8462
2832
51
5072
1918
1021
1259
5574
5873
5693
1025
8707
4496
3908
397
9006
38
436
3489
7083
3488
754
9058
5779
8033
5250
9364
2656
6258
3794
1541
9045
5223
5489
9967
8649
3756
7130
4577
6446
8222
2497
5207
3298
7814
2648
3429
353
7344
4654
6115
7749
5338
1109
4402
6507
9576
5278
1293
9347
7076
7043
2203
1684
2578
9793
9728
89
2562
7328
499
2508
6463
2129
1403
4638
8436
1219
7010
8576
8350
8097
5435
5537
8477
6716
3616
7508
3988
4912
2660
6444
8079
3557
2120
6104
452
7909
2297
4981
3971
6229
7958
6244
7191
5649
6767
5354
174
6633
6809
445
4853
9522
3726
3730
7853
7930
3281
5088
4890
9388
1711
2768
5673
4892
7345
7892
1889
3599
2398
4353
3443
5338
1357
9722
4012
7862
3673
9770
3785
477
6173
3406
4025
3844
6958
7597
6254
3908
2216
3716
6733
6550
8032
8770
1430
6859
1737
1757
1549
9333
2307
3152
8934
4342
5965
6418
8096
7379
3595
1603
9864
9908
3299
1525
7198
4859
4801
277
4468
2942
8378
7716
3507
290
9261
9335
5608
9782
4933
2343
3068
2026
1516
1510
9409
6827
7994
7359
4952
4364
459
6312
3855
2945
5710
6567
5719
9403
7417
6830
8884
6267
2858
5364
5246
4341
9353
258
2629
7059
2313
1079
625
4530
2477
9800
5223
9453
9991
4919
9911
4005
1739
2638
4738
9082
1859
9656
4762
8856
2652
1101
1057
816
7661
2488
9843
5410
7031
7527
9504
1572
5704
9807
8561
2802
2922
121
9628
2866
8088
3628
7939
1186
3617
9608
422
9856
6517
7932
4073
4790
4604
1813
5792
33
4230
8596
1846
7612
2157
1227
3517
2046
2310
3283
4256
7996
615
4157
2405
9692
7394
1475
5118
1831
5648
9210
5998
7322
4105
5447
3032
1146
9887
5947
4707
7281
6570
2508
2779
6249
7806
4129
7457
7380
7208
8457
1762
8022
216
8537
9893
5103
5465
2689
1501
1929
5835
9945
4926
6122
2162
941
7373
1366
8791
8642
5616
8133
3356
4036
8581
5580
7437
317
2207
5515
4066
8020
9642
1059
9745
5616
5392
1
7696
7352
228
9451
2520
7800
4027
8997
7477
6210
1834
2192
1562
4974
9275
7137
4641
4351
5737
1354
3312
3908
1483
1095
6599
5336
8622
8662
4694
4343
5962
4996
9852
4397
5430
4896
3962
9996
4232
9423
5749
2169
6373
7691
3098
836
5462
5352
8493
9699
8171
3813
9050
8746
6634
2123
8380
8104
4384
5430
7147
3153
2296
9596
9680
484
7097
9326
149
5208
2313
1451
4039
104
2896
75
1005
7703
1031
1295
339
962
2959
867
4383
6433
3582
9324
2436
7178
9237
820
3492
8226
5933
5023
6737
4960
8495
5481
6892
8448
3778
206
4047
4385
8127
757
2070
28
5521
5482
8599
2113
9385
2550
1218
7104
7133
4238
20
3984
3520
1317
1606
4719
4957
2223
8466
8007
5149
2867
3909
2297
7816
523
7232
3769
7256
9003
3849
6518
6857
5676
9502
1812
4108
372
2025
7576
123
1908
239
7695
6695
158
3107
1595
2572
5280
840
4860
8007
3105
723
1975
3278
839
9822
5237
3453
3667
7513
4986
1905
9258
5356
3759
2509
6880
5879
1439
874
8787
7786
4652
9244
9153
1440
3899
8623
8263
790
3218
1936
2888
1018
4060
7656
2390
4255
6407
8307
3328
2972
139
767
6423
8356
4918
3312
7407
352
3688
9968
511
4360
233
6836
4564
3954
6866
6697
5576
2257
383
4765
2731
2110
5278
747
139
7796
6724
830
5046
9845
4125
7686
6857
5274
8717
9385
4051
2952
2824
848
2315
4542
7579
8946
8586
4523
1125
4303
4935
2140
8981
8002
4158
4755
6945
6714
8076
1123
6528
1026
4233
712
5301
8523
2514
4724
712
1003
6993
3939
4802
6095
1900
9824
9574
6220
3127
7472
6903
6739
9255
9052
7017
803
7269
5245
5704
7321
698
1504
2879
5682
4893
7513
8118
6609
3190
19
6523
8811
3710
2213
3371
7535
8710
4513
4157
2164
3792
6374
5804
1211
221
1973
159
1972
6740
2432
2631
3436
5356
398
5156
5891
2870
4684
2052
9628
9962
4621
7641
4781
7277
9874
7926
9190
1068
6021
3718
2767
6967
9807
8889
5706
8061
8874
107
744
7263
7040
9699
4056
8884
8370
5653
1513
5817
5573
9764
2304
8578
2102
1400
6517
4338
4446
4919
6072
1491
4321
5108
8561
770
9169
6657
8117
4890
9023
2497
2772
9307
3201
6239
4672
2391
9007
757
7240
2521
9112
6314
1874
7202
4353
3274
375
6881
5181
1251
4743
2686
1321
5626
9198
3684
8030
5592
1759
1433
8777
8181
4076
7835
7687
5599
6680
6696
7450
8071
9251
4362
9769
2888
1125
8573
5139
5237
8870
7070
676
9581
681
7954
3872
446
9529
5297
2604
131
5852
8253
6588
8635
1012
2419
9607
6392
7892
9564
8742
2368
4416
5312
5180
8884
2461
2056
5408
7259
9735
3310
7861
9146
6577
3347
7642
6002
9143
13
109
2950
5104
1307
9611
3671
7392
6535
2259
5566
4217
9943
6328
4645
1025
9471
8693
386
5886
9158
6906
8641
6430
6659
5013
1197
6372
1397
972
6715
9756
2044
7431
3508
1424
8359
1419
3404
3027
5547
7344
8083
554
4940
372
8248
6539
3499
5128
645
5309
700
9192
9659
4767
3891
7080
1835
1300
3899
6890
1325
1468
6211
1196
3969
3103
1477
367
9824
2130
9411
6738
2893
155
1920
4332
9054
6865
2937
8745
6833
525
5694
4124
2093
7597
5361
8546
3110
7895
8970
3223
2428
6059
8948
6386
2433
6817
8632
827
4373
7729
4884
8510
912
3201
5223
551
9883
4537
8011
3484
4331
2114
6464
2810
7499
3597
6001
3336
5045
8129
4453
3704
8460
908
2421
5420
8137
7226
2325
3445
4193
8643
688
2262
4831
8303
708
7607
6387
2069
9687
5413
6470
4721
6293
2743
7881
467
1127
9420
8745
9620
3842
2576
6177
2660
8969
7662
317
4927
8127
4350
5318
9774
3949
4127
7294
4297
332
6816
2458
4090
7904
4745
6151
1485
610
215
458
6947
7128
5876
4088
9750
3010
1012
2751
5159
1236
2107
5391
2691
7547
5421
73
9412
8766
4862
6306
2132
3731
9559
9939
4780
2762
2762
7633
7674
5290
9149
6724
5473
9670
6658
262
7258
5820
1751
250
3609
1818
7657
6870
7482
9053
7140
8590
6346
4167
3813
1710
2450
652
3616
9748
3134
3434
1965
9256
6412
258
7101
8297
3648
2327
5627
7222
325
1474
6366
4325
989
7647
6699
2755
5353
2472
4135
8169
6692
3260
1529
9975
2457
9580
8702
1632
5302
5426
7479
7153
8200
2094
1325
8831
5
5422
4900
4604
4969
5337
6157
5158
3528
6600
6277
3788
7395
4257
8043
6766
389
7298
943
736
2125
727
5478
58
6630
984
5322
2719
7937
2753
1998
136
8708
7055
6207
5197
6284
6916
262
8143
318
4376
3387
2837
8700
4364
2099
9856
8499
4587
3545
5421
3200
1696
5515
2391
787
7022
9243
1079
5739
2832
934
1401
6529
3534
5458
3980
9857
6712
2944
485
5507
4418
8801
8768
8376
1165
8468
6837
4624
4189
1437
1283
6744
5628
274
1180
1296
7962
8879
476
2555
9999
9337
1942
4304
9151
8671
909
8045
3065
4301
237
4635
9996
5962
6884
4332
1751
946
672
4433
1883
4366
4677
4408
5662
8334
5339
1907
2447
5656
8194
9572
4673
1850
1507
3492
4551
4636
85
3603
1386
8401
7593
9081
138
2060
6658
7355
7438
7696
6388
9305
1737
5343
8936
1765
9180
8804
5321
9502
5906
6380
9294
538
59
7902
1284
1554
3497
6236
9960
2631
5281
3089
2286
4658
5150
2282
6864
777
8312
9362
9046
9838
9947
6662
9599
6321
120
1223
8938
3014
645
2669
7155
705
2001
4872
8125
798
9992
4850
9112
6893
1935
721
9584
4538
3165
841
4354
9563
2151
3565
4203
6306
3462
5557
6126
6770
7558
8940
5890
9471
3550
1729
2374
8686
3319
6541
1106
4155
7578
1668
6587
8026
1035
6116
6978
4693
732
4235
3051
6740
1327
4773
6085
7098
7100
2850
7322
5036
5883
8038
2820
2396
5903
3098
2650
3860
7968
8081
4134
2543
8850
7477
1445
5713
9015
5439
4890
838
3742
469
1071
2776
7862
3261
6377
4106
1939
1232
1350
4961
1227
7034
3430
3699
4462
5662
4548
5063
6848
1734
9951
5628
7157
8424
6057
3158
1303
5941
763
595
7687
4027
755
2555
5502
7690
1659
3382
3950
307
7703
5687
2330
7531
7355
5206
6414
2528
2598
236
8028
2563
2879
4183
4997
8499
5787
9357
4497
6507
2712
2686
6491
4097
1418
9634
2667
2175
2399
6401
1201
6558
1056
4369
5771
7534
5046
3690
2883
7107
5815
8166
4152
1482
8508
5716
5416
5273
7008
3131
9223
6484
1031
6763
3374
4091
3256
4448
1475
625
8713
8352
368
2903
5189
884
1987
183
4941
8243
1858
589
5192
4025
5080
8111
9288
7222
9152
3182
5147
7603
8349
1668
4778
3920
7588
9821
3842
9113
455
9219
7676
6215
6399
3169
6091
7282
8357
1625
2162
3844
5885
5329
4847
3353
1359
8343
1656
8515
8563
9254
3777
3737
6009
9393
3399
3231
482
3436
4011
3217
1470
5210
6590
7386
1491
8864
662
2881
6854
7832
9514
3762
8378
5859
4272
5243
7522
8070
3664
6317
820
837
7381
8786
4541
5357
6256
1822
2843
9786
4584
4445
2074
4809
2258
9980
5326
6280
8120
9636
7690
3258
2713
4369
7387
3110
7870
6674
7029
8799
8596
7049
584
367
1515
8513
1437
3212
8010
8127
1571
9372
9644
5728
448
4693
7163
5570
3814
1421
4311
3024
9413
7744
1555
677
7990
848
9133
2530
811
6855
984
5786
4785
376
6648
6906
1503
6835
4745
5974
1278
3719
6188
2639
116
705
3422
8880
9902
7971
1543
7800
5002
8672
3436
4290
8494
8020
4930
4879
4633
8929
6720
9574
6884
4468
335
2370
8885
8869
4049
1049
3456
157
2091
3660
57
7474
8224
3690
5722
4846
6603
1152
765
9598
3880
3835
9848
9670
3488
2398
2755
3922
7456
5839
5814
9607
4837
8827
8099
5735
3957
746
445
7971
5037
5165
8260
6172
8931
8404
4926
3266
5383
1548
9476
3309
2939
7941
6982
2826
5196
3778
540
4781
1803
570
1818
6133
7661
6827
6686
3373
1515
6542
4394
4078
3415
8581
2424
482
5900
8641
9055
3283
3792
9569
2529
9490
6713
564
7006
1076
1688
3856
6889
2166
5287
9019
9684
850
3899
502
5914
4858
886
3273
8185
8176
2636
3897
6939
6936
495
4214
9631
8069
3385
786
3769
7744
9461
3452
8514
7640
9515
8314
205
2579
8166
629
6040
7026
1492
7230
1355
9826
1209
4703
416
5679
720
764
9583
3587
816
8407
8756
2252
8006
1571
447
8748
8005
4609
4920
7130
7623
3942
3245
3718
5534
142
8762
169
7339
4105
1508
1994
6714
3171
7058
9165
3080
9842
40
1287
4386
824
3665
8828
428
472
8552
5481
6715
9302
6195
4046
1184
8151
3389
8083
1633
9272
5727
1531
933
4394
8058
1190
1979
9178
8803
320
1848
1487
6379
3991
5035
8893
3434
2010
1887
3590
3512
700
2092
9904
3688
5368
1002
6066
3553
9215
8340
9976
5801
8460
9781
678
5120
4553
4049
2344
631
4043
4402
1976
508
6391
254
9289
6819
1352
3505
6336
1618
1657
1581
1795
4425
8124
330
2281
8524
6045
4219
6657
3646
8705
8575
6351
4716
1176
3344
9601
8003
2225
7516
5440
9839
3277
46
4369
8721
8171
3193
8251
1291
5779
1024
9043
7419
2814
7140
1011
9235
18
3146
7001
7697
6156
280
9083
4752
4150
4125
3817
3385
8632
4218
4971
7927
1626
8145
9465
486
6887
1848
7977
5191
766
6362
739
8515
1810
154
3729
8809
4914
9861
8226
9254
2434
963
5469
656
7944
6457
5059
9407
6275
8031
4029
6728
6324
9177
5189
3304
2305
4916
9280
2985
1999
2207
9816
8308
8205
467
7912
8435
2016
4272
5617
161
6136
7365
4938
9393
2113
1387
2420
7880
485
7359
8907
8776
8479
2795
7768
5562
8171
5136
1939
3206
7193
3714
630
6722
5985
3136
2333
6645
4464
5390
5530
8887
7104
97
4725
7127
8710
2198
8352
7208
3412
5359
8664
1913
8431
2811
6407
9520
8027
9825
1799
3874
4594
9801
4561
8769
8771
8967
1683
434
5063
1189
672
4250
5663
9579
3282
3989
8602
4286
2747
3779
4339
3474
4360
5712
4886
7885
6662
5726
4627
5450
4751
448
6651
727
1677
6149
9063
4508
1279
4256
7865
2679
3513
6736
1338
6664
9349
6833
7970
4774
344
110
1430
717
4000
4096
6043
3573
969
7560
7064
640
1759
2549
74
4191
4877
2739
5106
6689
5812
3552
505
4986
2903
8268
4771
6940
9331
6380
881
4388
7068
5899
4704
3
9347
590
5072
6743
596
9874
2943
3654
6875
709
291
3911
7398
381
8262
285
8054
8057
6539
2384
2351
6866
1840
5129
2223
8029
3932
826
2395
3136
3143
6712
4933
5182
1113
6071
3802
7889
9882
48
2647
5539
9577
6017
92
9641
4361
1
4313
4093
6901
462
2581
7062
963
8709
7437
3142
6966
9934
2409
2352
2206
1601
2586
3811
2059
7480
4608
8168
447
8579
5816
8692
3377
2274
8419
7082
4605
3507
4561
3936
2168
7784
1964
6956
9906
2436
994
7772
7620
2018
3482
5631
9945
9457
8023
1362
6361
256
2234
4571
3569
3522
6753
12
158
3006
6510
1156
6935
2871
3651
2424
6667
9010
3129
1161
1183
329
9200
9170
1130
9483
3937
769
3532
3181
1327
6335
6632
3634
8444
8046
8451
4418
1895
9054
9461
1434
2706
7451
7772
6799
6386
615
1615
5888
1089
6608
5200
4920
7053
541
4779
7853
4451
7594
6267
8888
2070
9837
8748
2993
5561
5861
9691
6694
5453
5631
9017
5831
403
9716
6910
4946
8275
8338
4571
2406
9301
1540
1048
6662
2365
5473
4908
7292
5620
3679
410
6567
1969
9089
8968
3954
3334
5748
5563
6194
1287
2834
879
396
9429
7537
1987
5841
1897
4044
8049
4040
8204
203
2330
1542
1778
2369
6800
3740
5080
3154
9549
1756
8659
3487
1153
6889
935
8416
2249
5403
2297
3676
8506
4876
6380
3448
1502
4066
5303
714
1605
7641
2616
7880
7820
2508
754
5042
6187
5136
2738
8441
2328
9006
4176
6810
234
3930
6992
1451
1096
2628
3623
6561
2863
8315
75
1276
9170
8345
3332
7184
5804
15
2431
1632
9153
9917
6385
8584
4450
5502
7447
9671
176
7422
4556
5767
1191
2745
3813
9707
7356
3954
6070
9781
290
8860
2199
7441
6021
6169
8241
4705
7065
652
5011
6917
5933
2269
9585
2470
7449
5865
8011
2560
7335
7058
9676
7386
4286
9162
4105
8019
5608
3432
2393
4971
3158
389
7780
6331
6522
9350
8676
7986
6977
4102
8984
4381
7875
4078
5528
2465
3331
5748
2114
4792
434
7262
1379
1798
256
209
5665
4055
7474
5227
8405
8520
3119
9784
1670
8622
1508
4213
2544
7814
3432
8383
6100
9818
841
4983
2633
5293
8565
7044
4992
5444
5637
4229
85
2112
7444
2354
3969
1612
2493
6701
5180
175
6194
6443
272
847
2441
6489
3626
51
8113
6556
7305
9842
8834
5033
9800
1165
8482
2910
9672
1030
9108
395
7926
6844
6859
2048
3549
516
1165
3461
5012
9733
579
6080
3048
7088
8812
4374
9396
3371
6624
3521
412
2360
962
8522
9370
1782
9567
9988
9663
132
3172
7621
9291
3213
1068
6753
3752
3205
7638
5332
5889
2558
8053
7708
6432
1927
529
8993
2580
674
5914
8674
6577
4769
8829
1294
7506
7132
7200
3899
4153
8289
7671
4918
5319
6520
9257
279
2344
7090
908
1600
1477
478
2572
6675
237
8215
3451
4093
1213
9373
6227
2851
4716
4127
647
3751
3012
466
679
7927
2010
8641
2434
1858
8511
2273
1398
3080
5247
8191
9187
8941
8694
2584
4349
1817
2002
1508
7200
4783
1492
3328
7518
9368
8384
7751
4964
3020
7220
7613
7227
508
7350
2024
9402
6398
5749
3451
5208
4966
7905
6784
2911
6846
6311
7633
9356
8674
3829
8514
1523
1034
4540
143
4048
7461
8835
8622
2056
6894
4071
9745
4206
3214
2144
5514
7873
4862
6031
9579
4770
3846
8068
5257
2676
2103
9260
2700
9724
466
4328
1254
3992
2115
3385
8349
1676
1709
3111
9319
7511
5315
6800
1553
3156
2944
3101
3132
4701
6340
7552
8356
3721
8524
6666
9054
5814
6173
4922
1678
9442
6892
3184
8754
7331
8365
3727
7935
4279
6566
2096
9830
9957
927
6579
1938
34
3672
4641
2288
9488
8182
9501
7084
3873
7644
6473
4164
3433
803
1460
7323
6609
8934
8945
1068
6056
4028
7619
9129
1796
8626
5364
2127
982
1492
1413
1863
1980
6168
736
8748
7440
8856
6729
9476
7453
2698
3315
5934
1377
6413
1790
310
1806
8770
2126
5159
6523
1893
4712
7230
232
2246
9621
9558
3662
4361
1577
2022
8405
2566
1901
8275
5455
1773
2904
9571
1137
4346
6140
912
9074
2496
1357
4676
4780
2870
7084
4055
4400
875
3586
1923
3414
8439
7608
6528
2466
2655
7075
2257
4017
8084
6589
4905
339
5545
9246
9131
4515
1984
3978
5294
5953
5248
1668
6617
3728
9380
7312
4352
9195
819
9701
6411
5507
8743
2353
8527
7172
812
4343
9852
6294
8535
7604
4147
7550
737
6208
6737
6820
6623
6463
2876
4672
5327
7511
6840
62
2337
6795
3207
